0.33 0.07 0.33 0.13 0.31 0.13 0.29 0.22 0.28 0.32 0.36 0.13 0.38 0.23 0.39 0.31 0.31 0.31 0.31 0.44 0.31 0.57 0.35 0.31 0.36 0.42 0.37 0.57 0.32 0.06 0.34 0.06 0.32 0.07 0.34 0.07
0.33 0.07 0.33 0.13 0.3 0.13 0.29 0.22 0.28 0.32 0.36 0.13 0.38 0.22 0.39 0.31 0.31 0.31 0.31 0.44 0.31 0.57 0.35 0.31 0.36 0.44 0.37 0.57 0.32 0.06 0.34 0.06 0.31 0.07 0.34 0.07
0.33 0.07 0.33 0.13 0.3 0.13 0.29 0.22 0.28 0.32 0.36 0.13 0.38 0.22 0.39 0.31 0.31 0.31 0.31 0.44 0.31 0.57 0.35 0.31 0.36 0.44 0.37 0.57 0.32 0.06 0.34 0.06 0.31 0.07 0.34 0.07
0.33 0.07 0.33 0.13 0.3 0.13 0.29 0.22 0.28 0.32 0.36 0.13 0.38 0.23 0.39 0.31 0.31 0.31 0.31 0.44 0.31 0.57 0.35 0.31 0.36 0.42 0.37 0.57 0.32 0.06 0.34 0.06 0.31 0.07 0.34 0.07
0.33 0.07 0.33 0.13 0.3 0.13 0.29 0.22 0.28 0.32 0.36 0.13 0.38 0.22 0.39 0.31 0.31 0.31 0.31 0.44 0.31 0.57 0.35 0.31 0.36 0.44 0.37 0.57 0.32 0.06 0.34 0.06 0.31 0.07 0.34 0.07
0.33 0.07 0.33 0.13 0.3 0.13 0.29 0.22 0.28 0.31 0.36 0.13 0.38 0.22 0.39 0.31 0.31 0.31 0.31 0.44 0.31 0.57 0.35 0.31 0.36 0.44 0.37 0.57 0.32 0.06 0.34 0.06 0.31 0.07 0.34 0.07
0.33 0.07 0.33 0.13 0.3 0.13 0.29 0.22 0.28 0.31 0.36 0.13 0.38 0.22 0.39 0.31 0.31 0.31 0.31 0.44 0.31 0.57 0.35 0.31 0.36 0.44 0.37 0.57 0.32 0.06 0.34 0.06 0.31 0.07 0.34 0.07
0.33 0.07 0.33 0.13 0.31 0.13 0.29 0.22 0.28 0.31 0.36 0.13 0.38 0.22 0.39 0.31 0.31 0.31 0.31 0.44 0.31 0.57 0.35 0.31 0.36 0.44 0.37 0.57 0.32 0.06 0.34 0.06 0.31 0.07 0.34 0.07
0.33 0.07 0.33 0.13 0.31 0.13 0.29 0.22 0.28 0.31 0.36 0.13 0.38 0.22 0.39 0.31 0.31 0.31 0.31 0.44 0.31 0.57 0.35 0.31 0.36 0.44 0.37 0.57 0.32 0.06 0.34 0.06 0.31 0.07 0.34 0.07
0.33 0.07 0.33 0.13 0.31 0.13 0.29 0.22 0.28 0.31 0.36 0.13 0.38 0.22 0.39 0.31 0.31 0.31 0.31 0.44 0.31 0.57 0.35 0.31 0.36 0.44 0.37 0.57 0.32 0.06 0.34 0.06 0.31 0.07 0.34 0.07
0.33 0.07 0.33 0.13 0.31 0.13 0.29 0.22 0.28 0.32 0.36 0.13 0.38 0.22 0.39 0.31 0.31 0.31 0.31 0.44 0.31 0.57 0.35 0.31 0.36 0.44 0.37 0.57 0.32 0.06 0.34 0.06 0.31 0.07 0.34 0.07
0.33 0.07 0.33 0.13 0.3 0.15 0.29 0.22 0.28 0.32 0.36 0.13 0.38 0.22 0.39 0.31 0.31 0.31 0.31 0.44 0.31 0.57 0.35 0.31 0.36 0.44 0.37 0.57 0.32 0.06 0.34 0.06 0.31 0.07 0.34 0.07
0.33 0.07 0.33 0.13 0.31 0.13 0.29 0.22 0.28 0.32 0.36 0.13 0.38 0.22 0.39 0.31 0.31 0.31 0.31 0.44 0.31 0.57 0.35 0.31 0.36 0.44 0.37 0.57 0.32 0.06 0.34 0.06 0.31 0.07 0.34 0.07
0.33 0.07 0.33 0.13 0.3 0.15 0.29 0.22 0.28 0.31 0.36 0.13 0.38 0.22 0.39 0.31 0.31 0.31 0.31 0.44 0.31 0.57 0.35 0.31 0.36 0.44 0.37 0.57 0.32 0.06 0.34 0.06 0.31 0.07 0.34 0.07
0.33 0.07 0.33 0.13 0.3 0.15 0.29 0.22 0.28 0.31 0.36 0.13 0.38 0.22 0.39 0.31 0.32 0.31 0.31 0.44 0.31 0.57 0.35 0.31 0.36 0.44 0.37 0.57 0.32 0.06 0.34 0.06 0.31 0.07 0.34 0.07
0.33 0.07 0.33 0.13 0.3 0.13 0.29 0.22 0.28 0.31 0.36 0.13 0.38 0.22 0.39 0.31 0.31 0.31 0.31 0.44 0.31 0.57 0.35 0.31 0.36 0.44 0.37 0.57 0.32 0.06 0.34 0.06 0.31 0.07 0.34 0.07
0.33 0.07 0.33 0.13 0.3 0.13 0.29 0.22 0.28 0.31 0.36 0.13 0.38 0.22 0.39 0.31 0.31 0.31 0.31 0.44 0.31 0.57 0.35 0.31 0.36 0.44 0.37 0.57 0.32 0.06 0.34 0.06 0.31 0.07 0.34 0.07
0.33 0.07 0.33 0.13 0.3 0.13 0.29 0.22 0.28 0.31 0.36 0.13 0.38 0.22 0.39 0.31 0.31 0.31 0.31 0.44 0.31 0.57 0.35 0.31 0.36 0.44 0.37 0.57 0.32 0.06 0.34 0.06 0.31 0.07 0.34 0.07
0.33 0.07 0.33 0.13 0.3 0.13 0.29 0.22 0.28 0.31 0.36 0.13 0.38 0.22 0.39 0.31 0.31 0.31 0.31 0.44 0.31 0.57 0.35 0.31 0.36 0.44 0.37 0.57 0.32 0.06 0.34 0.06 0.31 0.07 0.34 0.07
0.33 0.07 0.33 0.13 0.31 0.13 0.29 0.22 0.28 0.31 0.36 0.13 0.38 0.22 0.39 0.31 0.31 0.31 0.31 0.44 0.31 0.57 0.35 0.31 0.36 0.44 0.37 0.57 0.32 0.06 0.34 0.06 0.31 0.07 0.34 0.07
0.33 0.07 0.33 0.13 0.31 0.13 0.29 0.22 0.28 0.32 0.36 0.13 0.38 0.22 0.39 0.31 0.31 0.31 0.31 0.44 0.31 0.57 0.35 0.31 0.36 0.44 0.37 0.57 0.32 0.06 0.34 0.06 0.31 0.07 0.34 0.07
0.33 0.07 0.33 0.13 0.31 0.13 0.29 0.22 0.28 0.31 0.36 0.13 0.38 0.22 0.39 0.31 0.31 0.31 0.31 0.44 0.31 0.57 0.35 0.31 0.36 0.44 0.37 0.57 0.32 0.06 0.34 0.06 0.31 0.07 0.34 0.07
0.33 0.07 0.33 0.13 0.31 0.13 0.29 0.22 0.28 0.31 0.36 0.13 0.38 0.22 0.39 0.31 0.31 0.31 0.31 0.44 0.31 0.57 0.35 0.31 0.36 0.44 0.37 0.57 0.32 0.06 0.34 0.06 0.31 0.07 0.34 0.07
0.33 0.07 0.33 0.13 0.31 0.13 0.29 0.22 0.28 0.32 0.36 0.13 0.38 0.22 0.39 0.31 0.31 0.31 0.31 0.44 0.31 0.57 0.35 0.31 0.36 0.44 0.37 0.57 0.32 0.06 0.34 0.06 0.31 0.07 0.34 0.07
0.33 0.07 0.33 0.13 0.31 0.13 0.29 0.22 0.27 0.31 0.36 0.13 0.38 0.22 0.4 0.31 0.31 0.31 0.31 0.44 0.31 0.57 0.35 0.31 0.36 0.42 0.37 0.57 0.32 0.06 0.34 0.06 0.31 0.07 0.34 0.07
0.33 0.07 0.33 0.13 0.31 0.13 0.29 0.22 0.27 0.32 0.36 0.13 0.38 0.22 0.39 0.31 0.31 0.31 0.31 0.44 0.31 0.57 0.35 0.31 0.36 0.42 0.37 0.57 0.32 0.06 0.34 0.06 0.31 0.07 0.34 0.07
0.33 0.07 0.33 0.13 0.31 0.13 0.29 0.22 0.27 0.32 0.36 0.13 0.38 0.22 0.39 0.31 0.31 0.31 0.31 0.44 0.31 0.57 0.35 0.31 0.36 0.44 0.37 0.57 0.32 0.06 0.34 0.06 0.31 0.07 0.34 0.07
0.33 0.07 0.33 0.13 0.31 0.13 0.29 0.22 0.27 0.32 0.36 0.13 0.38 0.22 0.39 0.31 0.31 0.31 0.31 0.44 0.31 0.57 0.35 0.31 0.36 0.44 0.37 0.57 0.32 0.06 0.34 0.06 0.31 0.07 0.34 0.07
0.33 0.07 0.33 0.13 0.31 0.13 0.29 0.22 0.27 0.32 0.36 0.13 0.38 0.22 0.39 0.31 0.31 0.31 0.31 0.44 0.31 0.57 0.35 0.31 0.36 0.44 0.37 0.57 0.32 0.06 0.34 0.06 0.31 0.07 0.34 0.07
0.33 0.07 0.33 0.13 0.31 0.13 0.29 0.22 0.27 0.32 0.36 0.13 0.38 0.22 0.39 0.31 0.31 0.31 0.31 0.44 0.31 0.57 0.35 0.31 0.36 0.44 0.37 0.57 0.32 0.06 0.34 0.06 0.31 0.07 0.34 0.07
0.33 0.07 0.33 0.13 0.31 0.13 0.29 0.22 0.27 0.32 0.36 0.13 0.38 0.22 0.39 0.31 0.31 0.31 0.31 0.44 0.31 0.57 0.35 0.31 0.36 0.44 0.37 0.57 0.32 0.06 0.34 0.06 0.31 0.07 0.34 0.07
0.33 0.07 0.33 0.13 0.31 0.13 0.29 0.22 0.27 0.32 0.36 0.13 0.38 0.22 0.39 0.31 0.31 0.31 0.31 0.44 0.31 0.57 0.35 0.31 0.36 0.44 0.37 0.57 0.32 0.06 0.34 0.06 0.31 0.07 0.34 0.07
0.33 0.07 0.33 0.13 0.31 0.13 0.29 0.22 0.27 0.32 0.36 0.13 0.38 0.22 0.39 0.31 0.31 0.31 0.31 0.44 0.31 0.57 0.35 0.31 0.36 0.42 0.37 0.57 0.32 0.06 0.34 0.06 0.31 0.07 0.34 0.07
0.33 0.07 0.33 0.13 0.31 0.13 0.29 0.22 0.27 0.32 0.36 0.13 0.38 0.22 0.39 0.31 0.31 0.31 0.31 0.44 0.31 0.57 0.35 0.31 0.36 0.42 0.37 0.57 0.32 0.06 0.34 0.06 0.31 0.07 0.34 0.07
0.33 0.07 0.33 0.13 0.31 0.13 0.29 0.22 0.27 0.32 0.36 0.13 0.38 0.22 0.39 0.31 0.31 0.31 0.31 0.44 0.31 0.57 0.35 0.31 0.36 0.42 0.37 0.57 0.32 0.06 0.34 0.06 0.31 0.07 0.34 0.07
0.33 0.07 0.33 0.13 0.31 0.13 0.29 0.22 0.27 0.32 0.36 0.13 0.38 0.22 0.39 0.31 0.31 0.31 0.31 0.44 0.31 0.57 0.35 0.31 0.36 0.44 0.37 0.57 0.32 0.06 0.34 0.06 0.31 0.07 0.34 0.07
0.33 0.07 0.33 0.13 0.31 0.13 0.29 0.22 0.27 0.32 0.36 0.13 0.38 0.22 0.39 0.31 0.31 0.31 0.31 0.44 0.31 0.57 0.35 0.31 0.36 0.44 0.37 0.57 0.32 0.06 0.34 0.06 0.31 0.07 0.34 0.07
0.33 0.07 0.33 0.13 0.31 0.13 0.29 0.22 0.28 0.32 0.37 0.13 0.38 0.22 0.39 0.31 0.32 0.31 0.31 0.44 0.31 0.57 0.35 0.31 0.36 0.44 0.37 0.57 0.32 0.06 0.34 0.06 0.32 0.07 0.35 0.07
0.34 0.07 0.34 0.13 0.31 0.13 0.3 0.23 0.29 0.32 0.37 0.13 0.38 0.22 0.39 0.31 0.32 0.32 0.32 0.44 0.31 0.57 0.36 0.31 0.37 0.44 0.37 0.57 0.33 0.06 0.34 0.06 0.32 0.07 0.35 0.07
0.33 0.07 0.33 0.13 0.3 0.15 0.29 0.25 0.29 0.32 0.36 0.15 0.37 0.23 0.38 0.31 0.31 0.31 0.32 0.44 0.32 0.57 0.35 0.31 0.35 0.44 0.37 0.57 0.32 0.06 0.34 0.06 0.31 0.07 0.34 0.07
0.32 0.07 0.32 0.13 0.3 0.13 0.29 0.23 0.29 0.32 0.35 0.13 0.37 0.23 0.37 0.32 0.31 0.32 0.32 0.44 0.32 0.57 0.34 0.31 0.34 0.44 0.34 0.57 0.32 0.06 0.33 0.06 0.31 0.07 0.34 0.06
0.32 0.07 0.32 0.13 0.3 0.13 0.29 0.23 0.29 0.32 0.35 0.13 0.37 0.25 0.37 0.32 0.31 0.32 0.32 0.44 0.32 0.57 0.34 0.31 0.34 0.44 0.34 0.57 0.32 0.06 0.33 0.06 0.31 0.07 0.34 0.07
0.32 0.07 0.32 0.13 0.3 0.13 0.29 0.23 0.29 0.32 0.35 0.13 0.36 0.23 0.37 0.32 0.31 0.32 0.32 0.44 0.32 0.57 0.34 0.31 0.34 0.44 0.34 0.57 0.32 0.06 0.33 0.06 0.31 0.07 0.34 0.07
0.32 0.07 0.32 0.13 0.3 0.13 0.29 0.23 0.29 0.32 0.35 0.13 0.36 0.23 0.37 0.32 0.31 0.32 0.32 0.44 0.32 0.57 0.34 0.31 0.34 0.44 0.34 0.57 0.32 0.06 0.33 0.06 0.31 0.07 0.34 0.07
0.32 0.07 0.32 0.13 0.3 0.13 0.29 0.25 0.29 0.33 0.35 0.13 0.37 0.23 0.37 0.32 0.31 0.32 0.32 0.44 0.32 0.57 0.35 0.32 0.34 0.44 0.34 0.57 0.32 0.06 0.33 0.06 0.31 0.07 0.34 0.07
0.33 0.07 0.33 0.13 0.3 0.13 0.29 0.23 0.29 0.32 0.36 0.13 0.37 0.23 0.37 0.32 0.31 0.32 0.32 0.44 0.32 0.57 0.35 0.31 0.34 0.42 0.34 0.57 0.32 0.06 0.34 0.06 0.31 0.07 0.34 0.06
0.33 0.07 0.33 0.13 0.3 0.13 0.29 0.23 0.29 0.32 0.36 0.13 0.37 0.25 0.37 0.32 0.31 0.32 0.32 0.44 0.32 0.57 0.34 0.31 0.34 0.44 0.34 0.57 0.32 0.06 0.33 0.06 0.31 0.07 0.34 0.07
0.32 0.07 0.32 0.13 0.3 0.13 0.29 0.23 0.29 0.32 0.35 0.13 0.36 0.23 0.37 0.32 0.31 0.32 0.32 0.44 0.32 0.57 0.34 0.31 0.34 0.44 0.34 0.57 0.32 0.06 0.33 0.06 0.31 0.07 0.34 0.06
0.32 0.07 0.32 0.13 0.3 0.13 0.29 0.23 0.29 0.32 0.35 0.13 0.36 0.23 0.37 0.32 0.31 0.32 0.32 0.44 0.32 0.57 0.34 0.31 0.34 0.42 0.34 0.57 0.32 0.06 0.33 0.06 0.31 0.07 0.34 0.07
0.32 0.07 0.32 0.13 0.3 0.13 0.29 0.23 0.29 0.32 0.35 0.13 0.36 0.23 0.37 0.32 0.31 0.32 0.32 0.44 0.32 0.57 0.34 0.31 0.34 0.44 0.34 0.57 0.32 0.06 0.33 0.06 0.31 0.07 0.34 0.07
0.32 0.07 0.32 0.13 0.3 0.13 0.29 0.23 0.29 0.32 0.35 0.13 0.36 0.23 0.37 0.32 0.31 0.32 0.32 0.44 0.32 0.57 0.34 0.31 0.34 0.44 0.34 0.57 0.32 0.06 0.33 0.06 0.31 0.07 0.34 0.07
0.32 0.07 0.32 0.13 0.3 0.13 0.29 0.23 0.29 0.32 0.35 0.13 0.37 0.23 0.37 0.32 0.31 0.32 0.32 0.44 0.32 0.57 0.34 0.31 0.34 0.44 0.34 0.57 0.32 0.06 0.33 0.06 0.31 0.07 0.34 0.07
0.32 0.07 0.32 0.13 0.3 0.13 0.29 0.23 0.29 0.32 0.36 0.15 0.37 0.25 0.37 0.32 0.31 0.32 0.32 0.44 0.32 0.57 0.34 0.31 0.34 0.44 0.34 0.57 0.32 0.06 0.33 0.06 0.31 0.07 0.34 0.07
0.32 0.07 0.32 0.13 0.3 0.13 0.29 0.23 0.29 0.33 0.36 0.15 0.37 0.25 0.37 0.32 0.31 0.32 0.32 0.44 0.32 0.57 0.34 0.31 0.34 0.44 0.34 0.57 0.32 0.06 0.33 0.06 0.31 0.07 0.34 0.07
0.32 0.07 0.32 0.13 0.3 0.13 0.29 0.23 0.29 0.32 0.35 0.15 0.37 0.23 0.37 0.32 0.31 0.32 0.32 0.44 0.32 0.57 0.34 0.31 0.34 0.44 0.34 0.57 0.32 0.06 0.33 0.06 0.31 0.07 0.34 0.07
0.32 0.07 0.32 0.13 0.3 0.13 0.29 0.23 0.29 0.33 0.35 0.15 0.37 0.23 0.37 0.32 0.31 0.32 0.32 0.44 0.32 0.57 0.34 0.31 0.34 0.44 0.34 0.57 0.32 0.06 0.33 0.06 0.31 0.07 0.34 0.07
0.32 0.07 0.32 0.13 0.3 0.13 0.29 0.23 0.29 0.33 0.35 0.15 0.37 0.23 0.37 0.32 0.31 0.32 0.32 0.44 0.32 0.57 0.34 0.31 0.34 0.44 0.34 0.57 0.32 0.06 0.33 0.06 0.31 0.07 0.34 0.07
0.32 0.07 0.32 0.13 0.3 0.13 0.29 0.23 0.29 0.33 0.35 0.15 0.37 0.23 0.37 0.32 0.31 0.32 0.32 0.44 0.32 0.57 0.34 0.31 0.34 0.44 0.34 0.57 0.32 0.06 0.33 0.06 0.31 0.07 0.34 0.07
0.32 0.07 0.32 0.13 0.3 0.13 0.29 0.23 0.29 0.32 0.35 0.15 0.37 0.23 0.37 0.32 0.31 0.32 0.32 0.44 0.32 0.57 0.34 0.31 0.34 0.44 0.34 0.57 0.32 0.06 0.33 0.06 0.31 0.07 0.34 0.07
0.32 0.07 0.32 0.13 0.3 0.13 0.29 0.23 0.29 0.32 0.35 0.13 0.36 0.23 0.37 0.32 0.31 0.32 0.32 0.44 0.32 0.57 0.34 0.31 0.34 0.44 0.34 0.57 0.32 0.06 0.33 0.06 0.31 0.07 0.34 0.07
0.32 0.07 0.32 0.13 0.3 0.13 0.29 0.23 0.29 0.32 0.35 0.13 0.36 0.23 0.37 0.32 0.31 0.32 0.32 0.44 0.32 0.57 0.34 0.31 0.34 0.44 0.34 0.57 0.32 0.06 0.33 0.06 0.31 0.07 0.34 0.07
0.32 0.07 0.32 0.13 0.3 0.13 0.29 0.23 0.29 0.32 0.35 0.13 0.36 0.23 0.37 0.32 0.31 0.32 0.32 0.44 0.32 0.57 0.34 0.31 0.34 0.44 0.34 0.57 0.32 0.06 0.33 0.06 0.31 0.07 0.34 0.07
0.32 0.07 0.32 0.13 0.3 0.13 0.29 0.23 0.29 0.32 0.35 0.13 0.36 0.23 0.37 0.32 0.31 0.32 0.32 0.44 0.32 0.57 0.34 0.31 0.34 0.44 0.34 0.57 0.32 0.06 0.33 0.06 0.31 0.07 0.34 0.07
0.32 0.07 0.32 0.13 0.3 0.13 0.29 0.23 0.29 0.32 0.35 0.13 0.37 0.23 0.37 0.32 0.31 0.32 0.32 0.44 0.32 0.57 0.34 0.31 0.34 0.44 0.34 0.57 0.32 0.06 0.33 0.06 0.31 0.07 0.34 0.07
0.32 0.07 0.32 0.13 0.3 0.13 0.29 0.23 0.29 0.32 0.35 0.13 0.37 0.23 0.37 0.32 0.31 0.32 0.32 0.44 0.32 0.57 0.34 0.31 0.34 0.44 0.34 0.57 0.32 0.06 0.33 0.06 0.31 0.07 0.34 0.07
0.32 0.07 0.32 0.13 0.3 0.13 0.29 0.23 0.29 0.32 0.35 0.13 0.37 0.23 0.37 0.32 0.31 0.32 0.32 0.44 0.32 0.57 0.34 0.31 0.34 0.44 0.34 0.57 0.32 0.06 0.33 0.06 0.31 0.07 0.34 0.07
0.32 0.07 0.32 0.13 0.3 0.13 0.29 0.23 0.29 0.32 0.35 0.13 0.36 0.23 0.37 0.32 0.31 0.32 0.32 0.44 0.32 0.57 0.34 0.31 0.34 0.44 0.34 0.57 0.32 0.06 0.33 0.06 0.31 0.07 0.34 0.07
0.32 0.07 0.32 0.13 0.3 0.13 0.29 0.23 0.29 0.32 0.35 0.13 0.37 0.23 0.37 0.32 0.31 0.32 0.32 0.44 0.32 0.57 0.34 0.31 0.34 0.44 0.34 0.57 0.32 0.06 0.33 0.06 0.31 0.07 0.34 0.07
0.32 0.07 0.32 0.13 0.3 0.13 0.29 0.23 0.29 0.32 0.35 0.13 0.37 0.23 0.37 0.32 0.31 0.32 0.32 0.44 0.32 0.57 0.34 0.31 0.34 0.42 0.34 0.57 0.32 0.06 0.33 0.06 0.31 0.07 0.34 0.07
0.32 0.07 0.32 0.13 0.3 0.13 0.29 0.23 0.29 0.32 0.35 0.13 0.36 0.23 0.37 0.32 0.31 0.32 0.32 0.44 0.32 0.57 0.34 0.31 0.34 0.44 0.34 0.57 0.32 0.06 0.33 0.06 0.31 0.07 0.34 0.07
0.32 0.07 0.32 0.13 0.3 0.13 0.29 0.23 0.29 0.32 0.35 0.13 0.36 0.23 0.37 0.32 0.31 0.32 0.32 0.44 0.32 0.57 0.34 0.31 0.34 0.44 0.34 0.57 0.32 0.06 0.33 0.06 0.31 0.07 0.34 0.07
0.32 0.07 0.32 0.13 0.3 0.13 0.29 0.23 0.29 0.32 0.35 0.13 0.36 0.23 0.37 0.32 0.31 0.32 0.32 0.44 0.32 0.57 0.34 0.31 0.34 0.44 0.34 0.57 0.32 0.06 0.33 0.06 0.31 0.07 0.34 0.07
0.32 0.07 0.32 0.13 0.3 0.13 0.29 0.23 0.29 0.32 0.35 0.13 0.37 0.23 0.37 0.32 0.31 0.32 0.32 0.44 0.32 0.57 0.34 0.31 0.34 0.44 0.34 0.57 0.32 0.06 0.33 0.06 0.31 0.07 0.34 0.07
0.32 0.07 0.32 0.13 0.3 0.13 0.29 0.23 0.29 0.32 0.35 0.13 0.37 0.23 0.37 0.32 0.31 0.32 0.32 0.44 0.32 0.57 0.34 0.31 0.34 0.44 0.34 0.57 0.32 0.06 0.33 0.06 0.31 0.07 0.34 0.07
0.32 0.07 0.32 0.13 0.3 0.13 0.29 0.23 0.29 0.32 0.35 0.13 0.37 0.23 0.37 0.32 0.31 0.32 0.32 0.44 0.32 0.57 0.34 0.31 0.34 0.44 0.34 0.57 0.32 0.06 0.33 0.06 0.31 0.07 0.34 0.07
0.32 0.07 0.32 0.13 0.3 0.13 0.29 0.23 0.29 0.32 0.35 0.13 0.36 0.23 0.37 0.32 0.31 0.32 0.32 0.44 0.32 0.57 0.34 0.31 0.34 0.44 0.34 0.57 0.32 0.06 0.33 0.06 0.31 0.07 0.34 0.07
0.32 0.07 0.32 0.13 0.3 0.13 0.29 0.23 0.29 0.32 0.35 0.13 0.36 0.23 0.37 0.32 0.31 0.32 0.32 0.44 0.32 0.57 0.34 0.31 0.34 0.44 0.34 0.57 0.32 0.06 0.33 0.06 0.31 0.07 0.34 0.07
0.32 0.07 0.32 0.13 0.3 0.13 0.29 0.23 0.29 0.32 0.35 0.13 0.36 0.23 0.37 0.32 0.31 0.32 0.32 0.44 0.32 0.57 0.34 0.31 0.34 0.44 0.34 0.57 0.32 0.06 0.33 0.06 0.31 0.07 0.34 0.07
0.32 0.07 0.32 0.13 0.3 0.13 0.29 0.23 0.29 0.32 0.35 0.13 0.36 0.23 0.37 0.32 0.31 0.32 0.32 0.44 0.32 0.57 0.34 0.31 0.34 0.44 0.34 0.57 0.32 0.06 0.33 0.06 0.31 0.07 0.34 0.07
0.32 0.07 0.32 0.13 0.3 0.13 0.29 0.23 0.29 0.32 0.35 0.13 0.37 0.23 0.37 0.32 0.31 0.32 0.32 0.44 0.32 0.57 0.34 0.31 0.34 0.44 0.34 0.57 0.32 0.06 0.33 0.06 0.31 0.07 0.34 0.07
0.32 0.06 0.32 0.13 0.3 0.13 0.29 0.23 0.29 0.32 0.35 0.13 0.37 0.23 0.37 0.32 0.31 0.32 0.32 0.44 0.32 0.57 0.34 0.31 0.34 0.44 0.34 0.57 0.32 0.06 0.33 0.06 0.31 0.07 0.34 0.07
0.32 0.06 0.32 0.13 0.3 0.13 0.29 0.23 0.29 0.33 0.35 0.13 0.37 0.23 0.37 0.32 0.31 0.32 0.32 0.44 0.32 0.57 0.34 0.31 0.34 0.44 0.34 0.57 0.32 0.06 0.33 0.06 0.31 0.07 0.34 0.07
0.32 0.06 0.32 0.13 0.3 0.13 0.29 0.23 0.29 0.33 0.35 0.13 0.37 0.23 0.37 0.32 0.31 0.32 0.32 0.44 0.32 0.57 0.34 0.31 0.34 0.44 0.34 0.57 0.32 0.06 0.33 0.06 0.31 0.07 0.34 0.07
0.32 0.07 0.32 0.13 0.3 0.13 0.29 0.23 0.29 0.32 0.35 0.13 0.37 0.23 0.37 0.32 0.31 0.32 0.32 0.44 0.32 0.57 0.34 0.31 0.34 0.44 0.34 0.57 0.32 0.06 0.33 0.06 0.31 0.07 0.34 0.07
0.32 0.07 0.32 0.13 0.3 0.13 0.29 0.23 0.29 0.32 0.35 0.13 0.37 0.23 0.37 0.32 0.31 0.32 0.32 0.44 0.32 0.57 0.34 0.31 0.34 0.44 0.34 0.57 0.32 0.06 0.33 0.06 0.31 0.07 0.34 0.07
0.32 0.07 0.32 0.13 0.3 0.13 0.29 0.23 0.29 0.32 0.35 0.13 0.37 0.23 0.37 0.32 0.31 0.32 0.32 0.44 0.32 0.57 0.34 0.31 0.34 0.44 0.34 0.57 0.32 0.06 0.33 0.06 0.31 0.07 0.34 0.07
0.32 0.07 0.32 0.13 0.3 0.13 0.29 0.23 0.29 0.32 0.35 0.13 0.37 0.23 0.37 0.32 0.31 0.32 0.32 0.44 0.32 0.57 0.34 0.31 0.34 0.44 0.34 0.57 0.32 0.06 0.33 0.06 0.31 0.07 0.34 0.07
0.32 0.07 0.32 0.13 0.3 0.13 0.29 0.23 0.29 0.32 0.35 0.13 0.37 0.23 0.37 0.32 0.31 0.32 0.32 0.44 0.32 0.57 0.34 0.31 0.34 0.44 0.34 0.57 0.32 0.06 0.33 0.06 0.31 0.07 0.34 0.07
0.32 0.07 0.32 0.13 0.3 0.13 0.29 0.23 0.29 0.32 0.35 0.13 0.37 0.23 0.37 0.32 0.31 0.32 0.32 0.44 0.32 0.57 0.34 0.31 0.34 0.44 0.34 0.57 0.32 0.06 0.33 0.06 0.31 0.07 0.34 0.07
0.32 0.07 0.32 0.13 0.3 0.13 0.29 0.23 0.29 0.32 0.35 0.13 0.37 0.23 0.37 0.32 0.31 0.32 0.32 0.44 0.32 0.57 0.34 0.31 0.34 0.44 0.34 0.57 0.32 0.06 0.33 0.06 0.31 0.07 0.34 0.07
0.32 0.07 0.32 0.13 0.3 0.13 0.29 0.23 0.29 0.33 0.35 0.13 0.37 0.23 0.37 0.32 0.31 0.32 0.32 0.44 0.32 0.57 0.34 0.31 0.34 0.44 0.34 0.57 0.32 0.06 0.33 0.06 0.31 0.07 0.34 0.07
0.32 0.07 0.32 0.13 0.3 0.13 0.29 0.23 0.29 0.32 0.35 0.13 0.37 0.23 0.37 0.32 0.31 0.32 0.32 0.44 0.32 0.57 0.34 0.31 0.34 0.44 0.34 0.57 0.32 0.06 0.33 0.06 0.31 0.07 0.34 0.07
0.32 0.07 0.32 0.13 0.3 0.13 0.29 0.23 0.29 0.32 0.35 0.13 0.37 0.23 0.37 0.32 0.31 0.32 0.32 0.44 0.32 0.57 0.34 0.31 0.34 0.44 0.34 0.57 0.32 0.06 0.33 0.06 0.31 0.07 0.34 0.07
0.32 0.07 0.32 0.13 0.3 0.13 0.29 0.23 0.29 0.32 0.35 0.13 0.37 0.23 0.37 0.32 0.31 0.32 0.32 0.44 0.32 0.57 0.34 0.31 0.34 0.44 0.34 0.57 0.32 0.06 0.33 0.06 0.31 0.07 0.34 0.07
0.32 0.07 0.32 0.13 0.3 0.13 0.29 0.23 0.29 0.32 0.35 0.13 0.36 0.23 0.37 0.32 0.31 0.32 0.32 0.44 0.32 0.57 0.34 0.31 0.34 0.44 0.34 0.57 0.32 0.06 0.33 0.06 0.31 0.07 0.34 0.07
0.32 0.07 0.32 0.13 0.3 0.13 0.29 0.23 0.29 0.32 0.35 0.13 0.36 0.23 0.37 0.32 0.31 0.32 0.32 0.44 0.32 0.57 0.34 0.31 0.34 0.44 0.34 0.57 0.32 0.06 0.33 0.06 0.31 0.07 0.34 0.07
0.32 0.07 0.32 0.13 0.3 0.13 0.29 0.23 0.29 0.32 0.35 0.13 0.36 0.23 0.37 0.32 0.31 0.32 0.32 0.44 0.32 0.57 0.34 0.31 0.34 0.44 0.34 0.57 0.32 0.06 0.33 0.06 0.31 0.07 0.34 0.07
0.32 0.07 0.32 0.13 0.3 0.13 0.29 0.23 0.29 0.32 0.35 0.13 0.36 0.23 0.37 0.32 0.31 0.32 0.32 0.44 0.32 0.57 0.34 0.31 0.34 0.44 0.34 0.57 0.32 0.06 0.33 0.06 0.31 0.07 0.34 0.07
0.32 0.07 0.32 0.13 0.3 0.13 0.29 0.23 0.29 0.32 0.35 0.13 0.37 0.23 0.37 0.32 0.31 0.32 0.32 0.44 0.32 0.57 0.34 0.31 0.34 0.44 0.34 0.57 0.32 0.06 0.33 0.06 0.31 0.07 0.34 0.07
0.32 0.07 0.32 0.13 0.3 0.13 0.29 0.23 0.29 0.32 0.35 0.13 0.37 0.23 0.37 0.32 0.31 0.32 0.32 0.44 0.32 0.57 0.34 0.31 0.34 0.44 0.34 0.57 0.32 0.06 0.33 0.06 0.31 0.07 0.34 0.07
0.32 0.07 0.32 0.13 0.3 0.13 0.29 0.23 0.29 0.32 0.35 0.13 0.37 0.23 0.37 0.32 0.31 0.32 0.32 0.44 0.32 0.57 0.34 0.31 0.34 0.44 0.34 0.57 0.32 0.06 0.33 0.06 0.31 0.07 0.34 0.07
0.32 0.07 0.32 0.13 0.3 0.13 0.29 0.23 0.29 0.32 0.35 0.13 0.37 0.23 0.37 0.32 0.31 0.32 0.32 0.44 0.32 0.57 0.34 0.31 0.34 0.44 0.34 0.57 0.32 0.06 0.33 0.06 0.31 0.07 0.34 0.07
0.32 0.07 0.32 0.13 0.3 0.13 0.29 0.23 0.29 0.32 0.35 0.13 0.37 0.23 0.37 0.32 0.31 0.32 0.32 0.44 0.32 0.57 0.34 0.31 0.34 0.44 0.34 0.57 0.32 0.06 0.33 0.06 0.31 0.07 0.34 0.07
0.32 0.07 0.32 0.13 0.3 0.13 0.29 0.23 0.29 0.32 0.35 0.13 0.36 0.23 0.37 0.32 0.31 0.32 0.32 0.44 0.32 0.57 0.34 0.31 0.34 0.44 0.34 0.57 0.32 0.06 0.33 0.06 0.31 0.07 0.34 0.07
0.32 0.07 0.32 0.13 0.3 0.13 0.29 0.23 0.29 0.32 0.35 0.13 0.36 0.23 0.37 0.32 0.31 0.32 0.32 0.44 0.32 0.57 0.34 0.31 0.34 0.42 0.34 0.57 0.32 0.06 0.33 0.06 0.31 0.07 0.34 0.07
0.32 0.07 0.32 0.13 0.3 0.13 0.29 0.23 0.29 0.32 0.35 0.13 0.36 0.23 0.37 0.32 0.31 0.32 0.32 0.44 0.32 0.57 0.34 0.31 0.34 0.44 0.34 0.57 0.32 0.06 0.33 0.06 0.31 0.07 0.34 0.07
0.32 0.07 0.32 0.13 0.3 0.13 0.29 0.23 0.29 0.32 0.35 0.13 0.36 0.23 0.37 0.32 0.31 0.32 0.32 0.44 0.32 0.57 0.34 0.31 0.34 0.42 0.34 0.57 0.32 0.06 0.33 0.06 0.31 0.07 0.34 0.07
0.32 0.07 0.32 0.13 0.29 0.13 0.29 0.23 0.29 0.32 0.35 0.13 0.36 0.23 0.37 0.32 0.31 0.32 0.32 0.44 0.32 0.57 0.34 0.31 0.34 0.44 0.34 0.57 0.32 0.06 0.33 0.06 0.31 0.07 0.34 0.07
0.32 0.07 0.32 0.13 0.29 0.13 0.29 0.23 0.29 0.32 0.35 0.13 0.36 0.23 0.36 0.32 0.31 0.32 0.32 0.44 0.32 0.57 0.34 0.31 0.34 0.44 0.34 0.57 0.32 0.06 0.33 0.06 0.31 0.07 0.34 0.07
0.32 0.07 0.32 0.13 0.29 0.15 0.29 0.23 0.29 0.32 0.35 0.13 0.36 0.23 0.36 0.32 0.31 0.32 0.32 0.44 0.32 0.57 0.34 0.31 0.34 0.44 0.34 0.57 0.32 0.06 0.32 0.06 0.31 0.07 0.34 0.07
0.32 0.07 0.32 0.13 0.29 0.15 0.29 0.25 0.29 0.32 0.35 0.13 0.36 0.23 0.36 0.32 0.31 0.32 0.32 0.44 0.32 0.57 0.34 0.31 0.34 0.44 0.34 0.57 0.32 0.06 0.32 0.06 0.31 0.07 0.34 0.07
0.32 0.07 0.32 0.13 0.29 0.15 0.29 0.25 0.29 0.32 0.35 0.13 0.36 0.23 0.36 0.32 0.31 0.32 0.32 0.44 0.32 0.57 0.34 0.31 0.34 0.44 0.34 0.57 0.32 0.06 0.32 0.06 0.31 0.07 0.34 0.07
0.32 0.07 0.32 0.13 0.29 0.13 0.29 0.25 0.29 0.32 0.35 0.15 0.36 0.23 0.36 0.32 0.31 0.32 0.32 0.44 0.32 0.57 0.34 0.31 0.34 0.44 0.34 0.57 0.32 0.06 0.33 0.06 0.31 0.07 0.34 0.07
0.32 0.07 0.32 0.13 0.29 0.13 0.29 0.23 0.29 0.32 0.35 0.13 0.36 0.23 0.37 0.32 0.31 0.32 0.32 0.44 0.32 0.57 0.34 0.31 0.34 0.44 0.34 0.57 0.32 0.06 0.33 0.06 0.31 0.07 0.34 0.07
0.32 0.07 0.32 0.13 0.3 0.13 0.29 0.23 0.29 0.32 0.35 0.13 0.36 0.23 0.37 0.32 0.31 0.32 0.32 0.44 0.32 0.57 0.34 0.31 0.34 0.44 0.34 0.57 0.32 0.06 0.33 0.06 0.31 0.07 0.34 0.07
0.32 0.07 0.32 0.13 0.3 0.13 0.29 0.23 0.29 0.32 0.35 0.13 0.36 0.23 0.37 0.32 0.31 0.32 0.32 0.44 0.32 0.57 0.34 0.31 0.34 0.44 0.34 0.57 0.32 0.06 0.33 0.06 0.31 0.07 0.34 0.07
0.32 0.07 0.32 0.13 0.3 0.13 0.29 0.23 0.29 0.32 0.35 0.13 0.36 0.23 0.37 0.32 0.31 0.32 0.32 0.44 0.32 0.57 0.34 0.31 0.34 0.42 0.34 0.57 0.32 0.06 0.33 0.06 0.31 0.07 0.34 0.07
0.32 0.07 0.32 0.13 0.3 0.13 0.29 0.23 0.29 0.32 0.35 0.13 0.36 0.23 0.37 0.32 0.31 0.32 0.32 0.44 0.32 0.57 0.34 0.31 0.34 0.44 0.34 0.57 0.32 0.06 0.33 0.06 0.31 0.07 0.34 0.07
0.32 0.07 0.32 0.13 0.3 0.13 0.29 0.23 0.29 0.32 0.35 0.13 0.36 0.23 0.37 0.32 0.31 0.32 0.32 0.44 0.32 0.57 0.34 0.31 0.34 0.44 0.34 0.57 0.32 0.06 0.33 0.06 0.31 0.07 0.34 0.07
0.32 0.07 0.32 0.13 0.3 0.13 0.29 0.23 0.29 0.32 0.35 0.13 0.36 0.23 0.37 0.32 0.31 0.32 0.32 0.44 0.32 0.57 0.34 0.31 0.34 0.44 0.34 0.57 0.32 0.06 0.33 0.06 0.31 0.07 0.34 0.07
0.32 0.07 0.32 0.13 0.3 0.13 0.29 0.23 0.29 0.32 0.35 0.13 0.36 0.23 0.37 0.32 0.31 0.32 0.32 0.44 0.32 0.57 0.34 0.31 0.34 0.44 0.34 0.57 0.32 0.06 0.33 0.06 0.31 0.07 0.34 0.07
0.32 0.07 0.32 0.13 0.3 0.13 0.29 0.23 0.29 0.32 0.35 0.13 0.36 0.23 0.37 0.32 0.31 0.32 0.32 0.44 0.32 0.57 0.34 0.31 0.34 0.42 0.34 0.57 0.32 0.06 0.33 0.06 0.31 0.07 0.34 0.07
0.32 0.07 0.32 0.13 0.3 0.13 0.29 0.23 0.29 0.32 0.35 0.13 0.36 0.23 0.37 0.32 0.31 0.32 0.32 0.44 0.32 0.57 0.34 0.31 0.34 0.44 0.34 0.57 0.32 0.06 0.33 0.06 0.31 0.07 0.34 0.07
0.32 0.07 0.32 0.13 0.29 0.15 0.29 0.23 0.29 0.32 0.35 0.15 0.36 0.23 0.36 0.32 0.31 0.32 0.32 0.44 0.32 0.57 0.34 0.31 0.34 0.42 0.34 0.57 0.32 0.06 0.33 0.06 0.31 0.07 0.34 0.07
0.32 0.07 0.32 0.13 0.29 0.15 0.29 0.23 0.29 0.32 0.35 0.15 0.36 0.23 0.36 0.32 0.31 0.32 0.32 0.44 0.32 0.57 0.34 0.31 0.34 0.44 0.34 0.57 0.32 0.06 0.32 0.06 0.31 0.07 0.34 0.07
0.32 0.07 0.32 0.13 0.29 0.15 0.29 0.23 0.29 0.32 0.35 0.13 0.36 0.23 0.36 0.32 0.31 0.32 0.32 0.44 0.32 0.57 0.34 0.31 0.34 0.42 0.34 0.57 0.32 0.06 0.32 0.06 0.31 0.07 0.34 0.07
0.32 0.07 0.32 0.13 0.29 0.13 0.29 0.23 0.29 0.32 0.35 0.13 0.36 0.23 0.36 0.32 0.31 0.32 0.32 0.44 0.32 0.57 0.34 0.31 0.34 0.44 0.34 0.57 0.32 0.06 0.32 0.06 0.31 0.07 0.34 0.07
0.32 0.07 0.32 0.13 0.29 0.13 0.29 0.23 0.29 0.32 0.35 0.13 0.36 0.23 0.36 0.32 0.31 0.32 0.32 0.44 0.32 0.57 0.34 0.31 0.34 0.42 0.34 0.57 0.32 0.06 0.32 0.06 0.31 0.07 0.34 0.07
0.32 0.07 0.32 0.13 0.29 0.13 0.29 0.23 0.29 0.32 0.35 0.13 0.36 0.23 0.36 0.32 0.31 0.32 0.32 0.44 0.32 0.57 0.34 0.31 0.34 0.44 0.34 0.57 0.32 0.06 0.32 0.06 0.31 0.07 0.34 0.07
0.32 0.07 0.32 0.13 0.29 0.13 0.29 0.23 0.29 0.32 0.35 0.13 0.36 0.23 0.36 0.32 0.31 0.32 0.32 0.44 0.32 0.57 0.34 0.31 0.34 0.44 0.34 0.57 0.32 0.06 0.32 0.06 0.31 0.07 0.34 0.07
0.32 0.07 0.32 0.13 0.29 0.13 0.29 0.23 0.29 0.32 0.35 0.13 0.36 0.23 0.36 0.32 0.31 0.32 0.32 0.44 0.32 0.57 0.34 0.31 0.34 0.42 0.34 0.57 0.32 0.06 0.32 0.06 0.31 0.07 0.34 0.07
0.32 0.07 0.32 0.13 0.29 0.15 0.29 0.23 0.29 0.32 0.35 0.13 0.36 0.23 0.36 0.32 0.31 0.32 0.32 0.44 0.32 0.57 0.34 0.31 0.34 0.44 0.34 0.57 0.32 0.06 0.32 0.06 0.31 0.07 0.34 0.07
0.32 0.07 0.32 0.13 0.29 0.13 0.29 0.23 0.29 0.32 0.35 0.13 0.36 0.23 0.36 0.32 0.31 0.32 0.32 0.44 0.32 0.57 0.34 0.31 0.34 0.44 0.34 0.57 0.32 0.06 0.32 0.06 0.31 0.07 0.34 0.07
0.32 0.07 0.32 0.13 0.29 0.13 0.29 0.23 0.29 0.32 0.35 0.13 0.36 0.23 0.36 0.32 0.31 0.32 0.32 0.44 0.32 0.57 0.34 0.31 0.34 0.44 0.34 0.57 0.32 0.06 0.32 0.06 0.31 0.07 0.34 0.07
0.32 0.07 0.32 0.13 0.29 0.13 0.29 0.25 0.29 0.32 0.35 0.13 0.36 0.23 0.36 0.32 0.31 0.32 0.32 0.44 0.32 0.57 0.34 0.31 0.34 0.44 0.34 0.57 0.32 0.06 0.32 0.06 0.31 0.07 0.34 0.07
0.32 0.07 0.32 0.13 0.29 0.15 0.29 0.25 0.29 0.32 0.35 0.13 0.36 0.23 0.36 0.32 0.31 0.32 0.32 0.44 0.32 0.57 0.34 0.31 0.34 0.44 0.34 0.57 0.32 0.06 0.32 0.06 0.31 0.07 0.34 0.07
0.32 0.07 0.32 0.13 0.29 0.13 0.29 0.25 0.29 0.32 0.35 0.13 0.36 0.23 0.36 0.32 0.31 0.32 0.32 0.44 0.32 0.57 0.34 0.31 0.34 0.44 0.34 0.57 0.32 0.06 0.32 0.06 0.31 0.07 0.34 0.07
0.32 0.07 0.32 0.13 0.29 0.13 0.29 0.25 0.29 0.32 0.35 0.13 0.36 0.23 0.36 0.32 0.31 0.32 0.32 0.44 0.32 0.57 0.34 0.31 0.34 0.44 0.34 0.57 0.32 0.06 0.32 0.06 0.31 0.07 0.34 0.07
0.32 0.07 0.32 0.13 0.29 0.15 0.29 0.25 0.29 0.32 0.35 0.15 0.36 0.23 0.36 0.32 0.31 0.32 0.32 0.44 0.32 0.57 0.34 0.31 0.34 0.44 0.34 0.57 0.32 0.06 0.32 0.06 0.31 0.07 0.34 0.07
0.32 0.07 0.32 0.13 0.29 0.15 0.29 0.25 0.29 0.33 0.35 0.15 0.36 0.23 0.36 0.32 0.31 0.32 0.32 0.44 0.32 0.57 0.34 0.31 0.34 0.44 0.34 0.57 0.31 0.06 0.32 0.06 0.31 0.07 0.34 0.07
0.32 0.07 0.32 0.13 0.29 0.13 0.29 0.25 0.29 0.33 0.35 0.13 0.36 0.23 0.36 0.32 0.31 0.31 0.32 0.44 0.32 0.57 0.34 0.31 0.34 0.44 0.34 0.57 0.31 0.06 0.32 0.06 0.31 0.07 0.34 0.07
0.32 0.07 0.32 0.13 0.29 0.13 0.29 0.23 0.29 0.32 0.35 0.13 0.36 0.23 0.36 0.32 0.31 0.32 0.32 0.44 0.32 0.57 0.34 0.31 0.34 0.42 0.34 0.57 0.31 0.06 0.32 0.06 0.31 0.07 0.34 0.07
0.32 0.07 0.32 0.13 0.29 0.13 0.29 0.23 0.29 0.32 0.35 0.13 0.36 0.23 0.36 0.32 0.31 0.32 0.32 0.44 0.32 0.57 0.34 0.31 0.34 0.42 0.34 0.57 0.31 0.06 0.32 0.06 0.31 0.07 0.34 0.07
0.32 0.07 0.32 0.13 0.29 0.13 0.29 0.23 0.29 0.32 0.35 0.13 0.36 0.23 0.36 0.32 0.31 0.32 0.32 0.44 0.32 0.57 0.34 0.31 0.34 0.44 0.34 0.57 0.31 0.06 0.32 0.06 0.31 0.07 0.34 0.07
0.32 0.07 0.32 0.13 0.29 0.13 0.29 0.23 0.29 0.32 0.35 0.13 0.36 0.23 0.36 0.32 0.31 0.32 0.32 0.44 0.32 0.57 0.34 0.31 0.34 0.42 0.34 0.57 0.31 0.06 0.32 0.06 0.31 0.07 0.34 0.07
0.32 0.07 0.32 0.13 0.29 0.13 0.29 0.23 0.29 0.32 0.35 0.13 0.36 0.23 0.36 0.32 0.31 0.32 0.32 0.44 0.32 0.57 0.34 0.31 0.34 0.44 0.34 0.57 0.31 0.06 0.32 0.06 0.31 0.07 0.34 0.07
0.32 0.07 0.32 0.13 0.29 0.13 0.29 0.23 0.29 0.32 0.35 0.13 0.36 0.23 0.36 0.32 0.31 0.32 0.32 0.44 0.32 0.57 0.34 0.31 0.34 0.42 0.34 0.57 0.31 0.06 0.32 0.06 0.31 0.07 0.34 0.07
0.32 0.07 0.32 0.13 0.29 0.13 0.29 0.25 0.29 0.32 0.35 0.13 0.36 0.23 0.36 0.32 0.31 0.32 0.32 0.44 0.32 0.57 0.34 0.31 0.34 0.42 0.34 0.57 0.31 0.06 0.32 0.06 0.31 0.07 0.34 0.07
0.32 0.07 0.32 0.13 0.29 0.13 0.29 0.25 0.29 0.32 0.35 0.13 0.36 0.23 0.36 0.32 0.31 0.32 0.32 0.44 0.32 0.57 0.34 0.31 0.34 0.42 0.34 0.57 0.31 0.06 0.32 0.06 0.31 0.07 0.34 0.07
0.32 0.07 0.32 0.13 0.29 0.13 0.29 0.25 0.29 0.32 0.35 0.13 0.36 0.23 0.36 0.32 0.31 0.32 0.32 0.44 0.32 0.57 0.34 0.31 0.34 0.42 0.34 0.57 0.31 0.06 0.32 0.06 0.31 0.07 0.34 0.07
0.32 0.07 0.32 0.13 0.29 0.13 0.29 0.23 0.29 0.32 0.35 0.13 0.36 0.23 0.36 0.32 0.31 0.32 0.32 0.44 0.32 0.57 0.34 0.31 0.34 0.44 0.34 0.57 0.31 0.06 0.32 0.06 0.31 0.07 0.34 0.07
0.32 0.07 0.32 0.13 0.29 0.13 0.29 0.23 0.29 0.32 0.35 0.13 0.36 0.23 0.36 0.32 0.31 0.32 0.32 0.44 0.32 0.57 0.34 0.31 0.34 0.42 0.34 0.57 0.31 0.06 0.32 0.06 0.31 0.07 0.34 0.07
0.32 0.07 0.32 0.13 0.29 0.13 0.29 0.23 0.29 0.32 0.35 0.15 0.36 0.23 0.36 0.32 0.31 0.32 0.32 0.44 0.32 0.57 0.34 0.31 0.34 0.44 0.34 0.57 0.31 0.06 0.32 0.06 0.31 0.07 0.34 0.07
0.32 0.07 0.32 0.13 0.29 0.13 0.29 0.23 0.29 0.32 0.35 0.15 0.36 0.23 0.36 0.32 0.31 0.32 0.32 0.44 0.32 0.57 0.34 0.31 0.34 0.44 0.34 0.57 0.31 0.06 0.32 0.06 0.31 0.07 0.34 0.07
0.32 0.07 0.32 0.13 0.29 0.15 0.29 0.25 0.29 0.32 0.35 0.15 0.36 0.23 0.36 0.32 0.31 0.32 0.32 0.44 0.32 0.57 0.34 0.31 0.34 0.42 0.34 0.57 0.32 0.06 0.32 0.06 0.31 0.07 0.34 0.07
0.32 0.07 0.32 0.13 0.29 0.15 0.29 0.25 0.29 0.32 0.35 0.15 0.36 0.23 0.36 0.32 0.31 0.32 0.32 0.44 0.32 0.57 0.34 0.31 0.34 0.42 0.34 0.57 0.32 0.06 0.32 0.06 0.31 0.07 0.34 0.07
0.32 0.07 0.32 0.13 0.29 0.15 0.29 0.23 0.29 0.32 0.35 0.15 0.36 0.23 0.37 0.32 0.31 0.32 0.32 0.44 0.32 0.57 0.34 0.31 0.34 0.42 0.34 0.57 0.32 0.06 0.32 0.06 0.31 0.07 0.34 0.07
0.32 0.07 0.32 0.13 0.3 0.13 0.29 0.23 0.29 0.32 0.35 0.15 0.36 0.23 0.37 0.32 0.31 0.32 0.32 0.44 0.32 0.57 0.34 0.31 0.34 0.42 0.34 0.57 0.32 0.06 0.32 0.06 0.31 0.07 0.34 0.07
0.32 0.07 0.32 0.13 0.3 0.13 0.29 0.23 0.29 0.32 0.35 0.15 0.36 0.23 0.37 0.32 0.31 0.32 0.32 0.44 0.32 0.57 0.34 0.31 0.34 0.44 0.34 0.57 0.32 0.06 0.33 0.06 0.31 0.07 0.34 0.07
0.32 0.07 0.32 0.13 0.3 0.13 0.29 0.23 0.29 0.32 0.35 0.15 0.36 0.23 0.37 0.32 0.31 0.32 0.32 0.44 0.32 0.57 0.34 0.31 0.34 0.44 0.34 0.57 0.32 0.06 0.33 0.06 0.31 0.07 0.34 0.07
0.32 0.07 0.32 0.13 0.3 0.13 0.29 0.23 0.29 0.32 0.35 0.13 0.36 0.23 0.37 0.32 0.31 0.32 0.32 0.44 0.32 0.57 0.34 0.31 0.34 0.44 0.34 0.57 0.32 0.06 0.33 0.06 0.31 0.07 0.34 0.07
0.32 0.07 0.32 0.13 0.3 0.13 0.29 0.23 0.29 0.32 0.35 0.15 0.36 0.23 0.37 0.32 0.31 0.32 0.32 0.44 0.32 0.57 0.34 0.31 0.34 0.44 0.34 0.57 0.32 0.06 0.33 0.06 0.31 0.07 0.34 0.07
0.32 0.07 0.32 0.13 0.3 0.13 0.29 0.23 0.29 0.32 0.35 0.15 0.36 0.23 0.37 0.32 0.31 0.32 0.32 0.44 0.32 0.57 0.34 0.31 0.34 0.44 0.34 0.57 0.32 0.06 0.33 0.06 0.31 0.07 0.34 0.07
0.32 0.07 0.32 0.13 0.3 0.13 0.29 0.23 0.29 0.32 0.35 0.13 0.36 0.23 0.37 0.32 0.31 0.32 0.32 0.44 0.32 0.57 0.34 0.31 0.34 0.44 0.34 0.57 0.32 0.06 0.33 0.06 0.31 0.07 0.34 0.07
0.32 0.07 0.32 0.13 0.3 0.13 0.29 0.23 0.29 0.32 0.35 0.13 0.36 0.23 0.37 0.32 0.31 0.32 0.32 0.44 0.32 0.57 0.34 0.31 0.34 0.44 0.34 0.57 0.32 0.06 0.33 0.06 0.31 0.07 0.34 0.07
0.32 0.07 0.32 0.13 0.3 0.13 0.29 0.23 0.29 0.32 0.35 0.13 0.36 0.23 0.37 0.32 0.31 0.32 0.32 0.44 0.32 0.57 0.34 0.31 0.34 0.44 0.34 0.57 0.32 0.06 0.33 0.06 0.31 0.07 0.34 0.07
0.32 0.07 0.32 0.13 0.3 0.13 0.29 0.23 0.29 0.32 0.35 0.13 0.36 0.23 0.37 0.32 0.31 0.32 0.32 0.44 0.32 0.57 0.34 0.31 0.34 0.44 0.34 0.57 0.32 0.06 0.33 0.06 0.31 0.07 0.34 0.07
0.32 0.07 0.32 0.13 0.3 0.13 0.29 0.23 0.29 0.32 0.35 0.13 0.36 0.23 0.37 0.32 0.31 0.32 0.32 0.44 0.32 0.57 0.34 0.31 0.34 0.44 0.34 0.57 0.32 0.06 0.33 0.06 0.31 0.07 0.34 0.07
0.32 0.07 0.32 0.13 0.3 0.13 0.29 0.23 0.29 0.32 0.35 0.13 0.36 0.23 0.37 0.32 0.31 0.32 0.32 0.44 0.32 0.57 0.34 0.31 0.34 0.44 0.34 0.57 0.32 0.06 0.33 0.06 0.31 0.07 0.34 0.07
0.32 0.07 0.32 0.13 0.3 0.13 0.29 0.23 0.29 0.32 0.35 0.13 0.36 0.23 0.37 0.32 0.31 0.32 0.32 0.44 0.32 0.57 0.34 0.31 0.34 0.44 0.34 0.57 0.32 0.06 0.33 0.06 0.31 0.07 0.34 0.07
0.32 0.07 0.32 0.13 0.3 0.13 0.29 0.23 0.29 0.32 0.35 0.13 0.36 0.23 0.37 0.32 0.31 0.32 0.32 0.44 0.32 0.57 0.34 0.31 0.34 0.44 0.34 0.57 0.32 0.06 0.33 0.06 0.31 0.07 0.34 0.07
0.32 0.07 0.32 0.13 0.3 0.13 0.29 0.23 0.29 0.32 0.35 0.13 0.36 0.23 0.37 0.32 0.31 0.32 0.32 0.44 0.32 0.57 0.34 0.31 0.34 0.44 0.34 0.57 0.32 0.06 0.33 0.06 0.31 0.07 0.34 0.07
0.32 0.07 0.32 0.13 0.3 0.13 0.29 0.23 0.29 0.32 0.35 0.13 0.36 0.23 0.37 0.32 0.31 0.32 0.32 0.44 0.32 0.57 0.34 0.31 0.34 0.44 0.34 0.57 0.32 0.06 0.33 0.06 0.31 0.07 0.34 0.07
0.32 0.07 0.32 0.13 0.3 0.13 0.29 0.23 0.29 0.32 0.35 0.13 0.36 0.23 0.37 0.32 0.31 0.32 0.32 0.44 0.32 0.57 0.34 0.31 0.34 0.44 0.34 0.57 0.32 0.06 0.33 0.06 0.31 0.07 0.34 0.07
0.32 0.07 0.32 0.13 0.3 0.13 0.29 0.23 0.29 0.32 0.35 0.13 0.36 0.23 0.37 0.32 0.31 0.32 0.32 0.44 0.32 0.57 0.34 0.31 0.34 0.44 0.34 0.57 0.32 0.06 0.33 0.06 0.31 0.07 0.34 0.07
0.32 0.07 0.32 0.13 0.3 0.13 0.29 0.23 0.29 0.32 0.35 0.13 0.36 0.23 0.37 0.32 0.31 0.32 0.32 0.44 0.32 0.57 0.34 0.31 0.34 0.44 0.34 0.57 0.32 0.06 0.33 0.06 0.31 0.07 0.34 0.07
0.32 0.07 0.32 0.13 0.3 0.13 0.29 0.23 0.29 0.32 0.35 0.13 0.36 0.23 0.37 0.32 0.31 0.32 0.32 0.44 0.32 0.57 0.34 0.31 0.34 0.44 0.34 0.57 0.32 0.06 0.33 0.06 0.31 0.07 0.34 0.07
0.32 0.07 0.32 0.13 0.3 0.13 0.29 0.23 0.29 0.32 0.35 0.13 0.36 0.23 0.37 0.32 0.31 0.32 0.32 0.44 0.32 0.57 0.34 0.31 0.34 0.44 0.34 0.57 0.32 0.06 0.33 0.06 0.31 0.07 0.34 0.07
0.32 0.07 0.32 0.13 0.3 0.13 0.29 0.23 0.29 0.32 0.35 0.13 0.36 0.23 0.37 0.32 0.31 0.32 0.32 0.44 0.32 0.57 0.34 0.31 0.34 0.44 0.34 0.57 0.32 0.06 0.33 0.06 0.31 0.07 0.34 0.07
0.32 0.07 0.32 0.13 0.3 0.13 0.29 0.23 0.29 0.32 0.35 0.13 0.36 0.23 0.37 0.32 0.31 0.32 0.32 0.44 0.32 0.57 0.34 0.31 0.34 0.44 0.34 0.57 0.32 0.06 0.33 0.06 0.31 0.07 0.34 0.07
0.32 0.07 0.32 0.13 0.3 0.13 0.29 0.23 0.29 0.32 0.35 0.13 0.36 0.23 0.37 0.32 0.31 0.32 0.32 0.42 0.32 0.57 0.34 0.31 0.34 0.44 0.34 0.57 0.32 0.06 0.33 0.06 0.31 0.07 0.34 0.07
0.32 0.07 0.32 0.13 0.3 0.13 0.29 0.23 0.29 0.32 0.35 0.13 0.36 0.23 0.36 0.32 0.31 0.32 0.32 0.44 0.32 0.57 0.34 0.31 0.34 0.44 0.34 0.57 0.32 0.06 0.33 0.06 0.31 0.07 0.34 0.07
0.32 0.07 0.32 0.13 0.3 0.13 0.29 0.23 0.29 0.32 0.35 0.13 0.36 0.23 0.36 0.32 0.31 0.32 0.32 0.44 0.32 0.57 0.34 0.31 0.34 0.44 0.34 0.57 0.32 0.06 0.32 0.06 0.31 0.07 0.34 0.07
0.32 0.07 0.32 0.13 0.29 0.13 0.29 0.23 0.29 0.32 0.35 0.13 0.36 0.23 0.36 0.32 0.31 0.32 0.32 0.44 0.32 0.57 0.34 0.31 0.34 0.44 0.34 0.57 0.32 0.06 0.33 0.06 0.31 0.07 0.34 0.07
0.32 0.07 0.32 0.13 0.3 0.13 0.29 0.23 0.29 0.32 0.35 0.13 0.36 0.23 0.36 0.32 0.31 0.32 0.32 0.44 0.32 0.57 0.34 0.31 0.34 0.44 0.34 0.57 0.32 0.06 0.33 0.06 0.31 0.07 0.34 0.07
0.32 0.07 0.32 0.13 0.3 0.13 0.29 0.23 0.29 0.32 0.35 0.13 0.36 0.23 0.37 0.32 0.31 0.32 0.32 0.44 0.32 0.57 0.34 0.31 0.34 0.44 0.34 0.57 0.32 0.06 0.33 0.06 0.31 0.07 0.34 0.07
0.32 0.07 0.32 0.13 0.3 0.13 0.29 0.23 0.29 0.32 0.35 0.13 0.36 0.23 0.37 0.32 0.31 0.32 0.32 0.44 0.32 0.57 0.34 0.31 0.34 0.44 0.34 0.57 0.32 0.06 0.33 0.06 0.31 0.07 0.34 0.07
0.32 0.07 0.32 0.13 0.3 0.13 0.29 0.23 0.29 0.32 0.35 0.13 0.37 0.23 0.37 0.32 0.31 0.32 0.32 0.44 0.32 0.57 0.34 0.31 0.34 0.42 0.34 0.57 0.32 0.06 0.33 0.06 0.31 0.07 0.34 0.07
0.32 0.07 0.33 0.13 0.3 0.13 0.29 0.23 0.29 0.32 0.36 0.13 0.37 0.23 0.37 0.32 0.31 0.32 0.32 0.42 0.32 0.57 0.35 0.32 0.34 0.42 0.34 0.57 0.32 0.06 0.33 0.06 0.31 0.07 0.34 0.07
0.33 0.07 0.33 0.13 0.3 0.13 0.29 0.23 0.3 0.32 0.36 0.13 0.37 0.23 0.37 0.32 0.31 0.32 0.32 0.44 0.32 0.57 0.35 0.32 0.34 0.42 0.34 0.57 0.32 0.06 0.33 0.06 0.31 0.07 0.34 0.07
0.33 0.07 0.33 0.13 0.3 0.13 0.29 0.23 0.3 0.32 0.36 0.13 0.37 0.23 0.37 0.32 0.31 0.32 0.32 0.44 0.32 0.57 0.35 0.31 0.34 0.42 0.34 0.57 0.32 0.06 0.34 0.06 0.31 0.07 0.34 0.07
0.33 0.07 0.33 0.13 0.3 0.13 0.29 0.23 0.3 0.32 0.36 0.13 0.37 0.23 0.37 0.32 0.31 0.32 0.32 0.44 0.32 0.57 0.35 0.31 0.34 0.42 0.34 0.57 0.32 0.06 0.34 0.06 0.31 0.07 0.34 0.07
0.33 0.07 0.33 0.13 0.3 0.13 0.29 0.23 0.3 0.32 0.36 0.13 0.37 0.23 0.37 0.32 0.31 0.32 0.32 0.44 0.32 0.57 0.35 0.31 0.34 0.42 0.34 0.57 0.32 0.06 0.33 0.06 0.31 0.07 0.34 0.07
0.32 0.07 0.32 0.13 0.3 0.13 0.29 0.23 0.29 0.32 0.35 0.13 0.37 0.23 0.37 0.32 0.31 0.32 0.32 0.44 0.32 0.57 0.35 0.32 0.34 0.42 0.34 0.57 0.32 0.06 0.33 0.06 0.31 0.07 0.34 0.07
0.32 0.07 0.32 0.13 0.3 0.13 0.29 0.23 0.29 0.32 0.35 0.13 0.37 0.23 0.37 0.32 0.31 0.32 0.32 0.44 0.32 0.57 0.35 0.31 0.34 0.44 0.34 0.57 0.32 0.06 0.33 0.06 0.31 0.07 0.34 0.07
0.32 0.07 0.32 0.13 0.3 0.13 0.29 0.23 0.29 0.32 0.35 0.13 0.36 0.23 0.37 0.32 0.31 0.32 0.32 0.44 0.32 0.57 0.34 0.31 0.34 0.42 0.34 0.57 0.32 0.06 0.33 0.06 0.31 0.07 0.34 0.07
0.32 0.07 0.32 0.13 0.29 0.15 0.29 0.23 0.29 0.32 0.35 0.15 0.36 0.23 0.36 0.32 0.31 0.32 0.32 0.44 0.32 0.57 0.34 0.31 0.34 0.44 0.34 0.57 0.32 0.06 0.32 0.06 0.31 0.07 0.34 0.07
0.32 0.07 0.32 0.13 0.29 0.13 0.29 0.23 0.29 0.32 0.35 0.15 0.36 0.23 0.36 0.32 0.31 0.32 0.32 0.44 0.32 0.57 0.34 0.32 0.34 0.44 0.34 0.57 0.32 0.06 0.32 0.06 0.31 0.07 0.34 0.07
0.32 0.07 0.32 0.13 0.29 0.13 0.29 0.23 0.29 0.32 0.35 0.13 0.36 0.23 0.36 0.32 0.31 0.32 0.32 0.44 0.32 0.57 0.34 0.31 0.34 0.44 0.34 0.57 0.32 0.06 0.32 0.06 0.31 0.07 0.34 0.07
0.32 0.07 0.32 0.13 0.3 0.13 0.29 0.23 0.29 0.32 0.35 0.13 0.36 0.23 0.37 0.32 0.31 0.32 0.32 0.44 0.32 0.57 0.34 0.31 0.34 0.42 0.34 0.57 0.32 0.06 0.33 0.06 0.31 0.07 0.34 0.07
0.32 0.07 0.32 0.13 0.3 0.13 0.29 0.23 0.29 0.32 0.35 0.13 0.36 0.23 0.37 0.32 0.31 0.32 0.32 0.44 0.32 0.57 0.34 0.31 0.34 0.42 0.34 0.57 0.32 0.06 0.33 0.06 0.31 0.07 0.34 0.07
0.32 0.07 0.32 0.13 0.3 0.13 0.29 0.23 0.29 0.32 0.35 0.13 0.36 0.23 0.37 0.32 0.31 0.32 0.32 0.44 0.32 0.57 0.34 0.31 0.34 0.44 0.34 0.57 0.32 0.06 0.33 0.06 0.31 0.07 0.34 0.07
0.32 0.07 0.32 0.13 0.3 0.13 0.29 0.23 0.29 0.32 0.35 0.13 0.37 0.23 0.37 0.32 0.31 0.32 0.32 0.44 0.32 0.57 0.34 0.31 0.34 0.42 0.34 0.57 0.32 0.06 0.33 0.06 0.31 0.07 0.34 0.07
0.32 0.07 0.32 0.13 0.3 0.13 0.29 0.23 0.29 0.32 0.35 0.13 0.36 0.23 0.37 0.32 0.31 0.32 0.32 0.44 0.32 0.57 0.34 0.31 0.34 0.44 0.34 0.57 0.32 0.06 0.33 0.06 0.31 0.07 0.34 0.07
0.32 0.07 0.32 0.13 0.3 0.13 0.29 0.23 0.29 0.32 0.35 0.13 0.36 0.23 0.37 0.32 0.31 0.32 0.32 0.44 0.32 0.57 0.34 0.31 0.34 0.44 0.34 0.57 0.32 0.06 0.33 0.06 0.31 0.07 0.34 0.07
0.32 0.07 0.32 0.13 0.3 0.13 0.29 0.23 0.29 0.32 0.35 0.13 0.36 0.23 0.37 0.32 0.31 0.32 0.32 0.44 0.32 0.57 0.34 0.31 0.34 0.44 0.34 0.57 0.32 0.06 0.33 0.06 0.31 0.07 0.34 0.07
0.32 0.07 0.32 0.13 0.29 0.13 0.29 0.23 0.29 0.32 0.35 0.13 0.36 0.23 0.37 0.32 0.31 0.32 0.32 0.44 0.32 0.57 0.34 0.31 0.34 0.44 0.34 0.57 0.32 0.06 0.33 0.06 0.31 0.07 0.34 0.07
0.32 0.07 0.32 0.13 0.29 0.13 0.29 0.23 0.29 0.32 0.35 0.13 0.36 0.23 0.36 0.32 0.31 0.32 0.32 0.44 0.32 0.57 0.34 0.31 0.34 0.44 0.34 0.57 0.32 0.06 0.32 0.06 0.31 0.07 0.34 0.07
0.32 0.07 0.32 0.13 0.3 0.13 0.29 0.23 0.29 0.32 0.35 0.13 0.36 0.23 0.37 0.32 0.31 0.32 0.32 0.44 0.32 0.57 0.34 0.31 0.34 0.44 0.34 0.57 0.32 0.06 0.33 0.06 0.31 0.07 0.34 0.07
0.32 0.07 0.32 0.13 0.3 0.13 0.29 0.23 0.29 0.32 0.35 0.13 0.36 0.23 0.37 0.32 0.31 0.32 0.32 0.44 0.32 0.57 0.34 0.31 0.34 0.44 0.34 0.57 0.32 0.06 0.33 0.06 0.31 0.07 0.34 0.07
0.32 0.07 0.32 0.13 0.3 0.13 0.29 0.23 0.29 0.32 0.35 0.13 0.36 0.23 0.37 0.32 0.31 0.32 0.32 0.44 0.32 0.57 0.34 0.31 0.34 0.44 0.34 0.57 0.32 0.06 0.33 0.06 0.31 0.07 0.34 0.07
0.32 0.07 0.32 0.13 0.29 0.15 0.29 0.23 0.29 0.32 0.35 0.13 0.36 0.23 0.36 0.32 0.31 0.32 0.32 0.44 0.32 0.57 0.34 0.31 0.34 0.44 0.34 0.57 0.32 0.06 0.32 0.06 0.31 0.07 0.34 0.07
0.32 0.07 0.32 0.13 0.29 0.13 0.29 0.23 0.29 0.32 0.35 0.13 0.36 0.23 0.36 0.32 0.31 0.32 0.32 0.44 0.32 0.57 0.34 0.31 0.34 0.44 0.34 0.57 0.32 0.06 0.32 0.06 0.31 0.07 0.34 0.07
0.32 0.07 0.32 0.13 0.29 0.13 0.29 0.23 0.29 0.32 0.35 0.13 0.36 0.23 0.36 0.32 0.31 0.32 0.32 0.44 0.32 0.57 0.34 0.31 0.34 0.44 0.34 0.57 0.32 0.06 0.32 0.06 0.31 0.07 0.34 0.07
0.32 0.07 0.32 0.13 0.29 0.13 0.29 0.23 0.29 0.32 0.35 0.13 0.36 0.23 0.36 0.32 0.31 0.32 0.32 0.44 0.32 0.57 0.34 0.31 0.34 0.44 0.34 0.57 0.32 0.06 0.32 0.06 0.31 0.07 0.34 0.07
0.32 0.07 0.32 0.13 0.29 0.13 0.29 0.23 0.29 0.32 0.35 0.13 0.36 0.23 0.36 0.32 0.31 0.32 0.32 0.44 0.32 0.57 0.34 0.31 0.34 0.44 0.34 0.57 0.32 0.06 0.32 0.06 0.31 0.07 0.34 0.07
0.32 0.07 0.32 0.13 0.3 0.13 0.29 0.23 0.29 0.32 0.35 0.13 0.36 0.23 0.36 0.32 0.31 0.32 0.32 0.44 0.32 0.57 0.34 0.31 0.34 0.44 0.34 0.57 0.32 0.06 0.32 0.06 0.31 0.07 0.34 0.07
0.32 0.07 0.32 0.13 0.3 0.13 0.29 0.23 0.29 0.32 0.35 0.13 0.36 0.23 0.37 0.32 0.31 0.32 0.32 0.44 0.32 0.57 0.34 0.31 0.34 0.44 0.34 0.57 0.32 0.06 0.33 0.06 0.31 0.07 0.34 0.07
0.32 0.07 0.32 0.13 0.3 0.13 0.29 0.23 0.29 0.32 0.35 0.13 0.36 0.23 0.37 0.32 0.31 0.32 0.32 0.44 0.32 0.57 0.34 0.31 0.34 0.44 0.34 0.57 0.32 0.06 0.33 0.06 0.31 0.07 0.34 0.07
0.32 0.07 0.32 0.13 0.3 0.13 0.29 0.23 0.29 0.32 0.35 0.13 0.36 0.23 0.37 0.32 0.31 0.32 0.32 0.44 0.32 0.57 0.34 0.31 0.34 0.44 0.34 0.57 0.32 0.06 0.33 0.06 0.31 0.07 0.34 0.06
0.32 0.07 0.32 0.13 0.3 0.13 0.29 0.23 0.29 0.32 0.35 0.13 0.36 0.23 0.37 0.32 0.31 0.32 0.32 0.44 0.32 0.57 0.34 0.31 0.34 0.44 0.34 0.57 0.32 0.06 0.33 0.06 0.31 0.07 0.34 0.07
0.32 0.07 0.32 0.13 0.29 0.15 0.29 0.23 0.29 0.32 0.35 0.13 0.36 0.23 0.36 0.32 0.31 0.32 0.32 0.44 0.32 0.57 0.34 0.31 0.34 0.44 0.34 0.57 0.32 0.06 0.32 0.06 0.31 0.07 0.34 0.07
0.32 0.07 0.32 0.13 0.29 0.13 0.29 0.23 0.29 0.32 0.35 0.13 0.36 0.23 0.36 0.32 0.31 0.32 0.32 0.44 0.32 0.57 0.34 0.31 0.34 0.44 0.34 0.57 0.32 0.06 0.32 0.06 0.31 0.07 0.34 0.07
0.32 0.07 0.32 0.13 0.29 0.15 0.29 0.23 0.29 0.32 0.35 0.13 0.36 0.23 0.36 0.32 0.31 0.32 0.32 0.44 0.32 0.57 0.34 0.31 0.34 0.44 0.34 0.57 0.31 0.06 0.32 0.06 0.31 0.07 0.34 0.07
0.32 0.07 0.32 0.13 0.29 0.13 0.29 0.25 0.29 0.32 0.35 0.13 0.36 0.23 0.36 0.32 0.31 0.32 0.32 0.44 0.32 0.57 0.34 0.31 0.34 0.44 0.34 0.57 0.31 0.06 0.32 0.06 0.31 0.07 0.34 0.07
0.32 0.07 0.32 0.13 0.29 0.13 0.29 0.23 0.29 0.33 0.35 0.13 0.36 0.23 0.36 0.32 0.31 0.32 0.32 0.44 0.32 0.57 0.34 0.31 0.34 0.44 0.34 0.57 0.31 0.06 0.32 0.06 0.31 0.07 0.34 0.07
0.32 0.07 0.32 0.13 0.29 0.13 0.29 0.25 0.29 0.33 0.35 0.13 0.36 0.23 0.36 0.32 0.31 0.32 0.32 0.44 0.32 0.57 0.34 0.31 0.34 0.44 0.34 0.57 0.31 0.06 0.32 0.06 0.31 0.07 0.34 0.07
0.32 0.07 0.32 0.13 0.29 0.13 0.29 0.23 0.29 0.33 0.35 0.13 0.36 0.23 0.36 0.32 0.31 0.32 0.32 0.44 0.32 0.57 0.34 0.31 0.34 0.42 0.34 0.57 0.31 0.06 0.32 0.06 0.31 0.07 0.33 0.07
0.32 0.07 0.32 0.13 0.29 0.13 0.29 0.23 0.29 0.33 0.35 0.13 0.36 0.23 0.36 0.32 0.31 0.32 0.32 0.44 0.32 0.57 0.34 0.31 0.34 0.42 0.34 0.57 0.31 0.06 0.32 0.06 0.31 0.07 0.33 0.07
0.32 0.07 0.32 0.13 0.29 0.13 0.29 0.23 0.29 0.33 0.35 0.13 0.36 0.23 0.36 0.32 0.31 0.31 0.32 0.44 0.32 0.57 0.34 0.31 0.34 0.42 0.34 0.57 0.31 0.06 0.32 0.06 0.31 0.07 0.33 0.07
0.32 0.07 0.32 0.13 0.29 0.13 0.29 0.23 0.29 0.33 0.35 0.13 0.36 0.23 0.36 0.32 0.31 0.32 0.32 0.44 0.32 0.57 0.34 0.31 0.34 0.42 0.34 0.57 0.31 0.06 0.32 0.06 0.31 0.07 0.33 0.07
0.32 0.07 0.32 0.13 0.29 0.13 0.29 0.23 0.29 0.32 0.35 0.13 0.36 0.23 0.36 0.32 0.31 0.32 0.32 0.44 0.32 0.57 0.34 0.31 0.34 0.44 0.34 0.57 0.31 0.06 0.32 0.06 0.31 0.07 0.33 0.07
0.32 0.07 0.32 0.13 0.29 0.13 0.29 0.23 0.29 0.32 0.35 0.13 0.36 0.23 0.36 0.32 0.31 0.32 0.32 0.44 0.32 0.57 0.34 0.31 0.34 0.42 0.34 0.57 0.31 0.06 0.32 0.06 0.31 0.07 0.33 0.07
0.32 0.07 0.32 0.13 0.29 0.13 0.29 0.23 0.29 0.32 0.35 0.13 0.36 0.23 0.36 0.32 0.31 0.32 0.32 0.44 0.32 0.57 0.34 0.31 0.34 0.42 0.34 0.57 0.31 0.06 0.32 0.06 0.31 0.07 0.34 0.07
0.32 0.07 0.32 0.13 0.29 0.13 0.29 0.23 0.29 0.32 0.35 0.13 0.36 0.23 0.36 0.32 0.31 0.31 0.32 0.44 0.32 0.57 0.34 0.31 0.34 0.42 0.34 0.57 0.31 0.06 0.32 0.06 0.31 0.07 0.34 0.07
0.32 0.07 0.32 0.13 0.29 0.13 0.29 0.23 0.29 0.32 0.35 0.13 0.36 0.23 0.36 0.32 0.31 0.32 0.32 0.44 0.32 0.57 0.34 0.31 0.34 0.42 0.34 0.57 0.31 0.06 0.32 0.06 0.31 0.07 0.34 0.07
0.32 0.06 0.32 0.13 0.29 0.13 0.29 0.23 0.29 0.32 0.35 0.13 0.36 0.23 0.37 0.32 0.31 0.32 0.32 0.44 0.32 0.57 0.34 0.31 0.34 0.42 0.34 0.57 0.32 0.06 0.32 0.06 0.31 0.07 0.34 0.07
0.32 0.06 0.32 0.13 0.29 0.13 0.29 0.23 0.29 0.32 0.35 0.13 0.37 0.23 0.37 0.32 0.31 0.32 0.32 0.44 0.32 0.57 0.34 0.31 0.34 0.44 0.34 0.57 0.32 0.06 0.33 0.06 0.31 0.07 0.34 0.06
0.32 0.07 0.32 0.13 0.3 0.13 0.29 0.23 0.29 0.32 0.35 0.13 0.37 0.23 0.36 0.32 0.31 0.32 0.32 0.44 0.32 0.57 0.34 0.32 0.34 0.44 0.34 0.57 0.32 0.06 0.33 0.06 0.31 0.07 0.34 0.07
0.32 0.07 0.32 0.13 0.3 0.13 0.29 0.23 0.29 0.32 0.35 0.13 0.37 0.25 0.37 0.32 0.31 0.32 0.32 0.44 0.32 0.57 0.34 0.31 0.34 0.42 0.34 0.57 0.32 0.06 0.33 0.06 0.31 0.07 0.34 0.07
0.33 0.07 0.33 0.13 0.3 0.13 0.29 0.23 0.29 0.32 0.36 0.13 0.37 0.23 0.37 0.32 0.31 0.32 0.32 0.42 0.32 0.57 0.34 0.31 0.34 0.42 0.34 0.57 0.32 0.06 0.33 0.06 0.31 0.07 0.34 0.07
0.33 0.07 0.33 0.13 0.3 0.13 0.29 0.23 0.29 0.32 0.36 0.13 0.37 0.23 0.37 0.32 0.31 0.31 0.32 0.44 0.32 0.57 0.35 0.31 0.34 0.42 0.34 0.57 0.32 0.06 0.33 0.06 0.31 0.07 0.34 0.07
0.33 0.07 0.33 0.13 0.3 0.13 0.29 0.23 0.29 0.32 0.36 0.13 0.37 0.23 0.37 0.32 0.31 0.31 0.32 0.42 0.32 0.57 0.35 0.31 0.34 0.42 0.34 0.57 0.32 0.06 0.33 0.06 0.31 0.07 0.34 0.07
0.33 0.07 0.33 0.13 0.3 0.13 0.29 0.23 0.29 0.32 0.36 0.13 0.37 0.25 0.37 0.32 0.31 0.31 0.32 0.44 0.32 0.57 0.34 0.31 0.34 0.42 0.34 0.57 0.32 0.06 0.33 0.06 0.31 0.07 0.34 0.07
0.32 0.07 0.32 0.13 0.3 0.13 0.29 0.23 0.29 0.32 0.35 0.13 0.37 0.23 0.37 0.32 0.31 0.31 0.32 0.44 0.32 0.57 0.34 0.31 0.34 0.44 0.34 0.57 0.32 0.06 0.33 0.06 0.31 0.07 0.34 0.07
0.32 0.07 0.32 0.13 0.3 0.13 0.29 0.23 0.29 0.32 0.35 0.13 0.37 0.23 0.37 0.32 0.31 0.32 0.32 0.44 0.32 0.57 0.34 0.31 0.34 0.44 0.34 0.57 0.32 0.06 0.33 0.06 0.31 0.07 0.34 0.07
0.32 0.07 0.32 0.13 0.3 0.13 0.29 0.23 0.29 0.32 0.35 0.13 0.37 0.23 0.37 0.32 0.31 0.32 0.32 0.44 0.32 0.57 0.34 0.31 0.34 0.44 0.34 0.57 0.32 0.06 0.33 0.06 0.31 0.07 0.34 0.07
0.32 0.07 0.32 0.13 0.3 0.13 0.29 0.23 0.29 0.32 0.35 0.13 0.37 0.23 0.37 0.32 0.31 0.32 0.32 0.44 0.32 0.57 0.34 0.31 0.34 0.44 0.34 0.57 0.32 0.06 0.33 0.06 0.31 0.07 0.34 0.07
0.32 0.07 0.32 0.13 0.3 0.13 0.29 0.23 0.29 0.32 0.35 0.13 0.37 0.23 0.37 0.32 0.31 0.32 0.32 0.44 0.32 0.57 0.34 0.31 0.34 0.44 0.34 0.57 0.32 0.06 0.33 0.06 0.31 0.07 0.34 0.07
0.32 0.07 0.33 0.13 0.3 0.13 0.29 0.23 0.29 0.32 0.36 0.13 0.37 0.23 0.37 0.32 0.31 0.32 0.32 0.44 0.32 0.57 0.35 0.31 0.34 0.44 0.34 0.57 0.32 0.06 0.33 0.06 0.31 0.07 0.34 0.07
0.32 0.07 0.33 0.13 0.3 0.13 0.29 0.23 0.29 0.32 0.36 0.13 0.37 0.23 0.37 0.32 0.31 0.32 0.32 0.42 0.32 0.57 0.35 0.31 0.34 0.42 0.34 0.57 0.32 0.06 0.33 0.06 0.31 0.07 0.34 0.07
0.33 0.07 0.33 0.13 0.3 0.13 0.29 0.23 0.29 0.32 0.36 0.13 0.37 0.23 0.37 0.32 0.31 0.32 0.32 0.44 0.32 0.57 0.35 0.31 0.34 0.42 0.34 0.57 0.32 0.06 0.33 0.06 0.31 0.07 0.34 0.07
0.33 0.06 0.33 0.13 0.3 0.13 0.29 0.23 0.29 0.32 0.36 0.13 0.37 0.23 0.37 0.32 0.31 0.32 0.32 0.44 0.32 0.57 0.35 0.31 0.34 0.42 0.34 0.57 0.32 0.06 0.33 0.06 0.31 0.07 0.34 0.07
0.33 0.06 0.33 0.13 0.3 0.13 0.29 0.23 0.3 0.32 0.36 0.13 0.37 0.23 0.37 0.32 0.31 0.32 0.32 0.42 0.32 0.57 0.35 0.31 0.34 0.42 0.34 0.57 0.32 0.06 0.33 0.06 0.31 0.07 0.34 0.07
0.33 0.07 0.33 0.13 0.3 0.13 0.29 0.23 0.3 0.32 0.36 0.13 0.37 0.23 0.37 0.32 0.31 0.32 0.32 0.44 0.32 0.57 0.35 0.31 0.34 0.44 0.34 0.57 0.32 0.06 0.33 0.06 0.31 0.07 0.34 0.07
0.33 0.06 0.33 0.13 0.3 0.13 0.29 0.23 0.29 0.32 0.36 0.13 0.37 0.23 0.37 0.32 0.31 0.32 0.32 0.44 0.32 0.57 0.35 0.31 0.34 0.44 0.34 0.57 0.32 0.06 0.33 0.06 0.31 0.07 0.34 0.07
0.33 0.07 0.33 0.13 0.3 0.13 0.29 0.23 0.29 0.32 0.36 0.13 0.37 0.23 0.37 0.32 0.31 0.32 0.32 0.44 0.32 0.57 0.35 0.31 0.34 0.44 0.34 0.57 0.32 0.06 0.33 0.06 0.31 0.07 0.34 0.07
0.32 0.07 0.33 0.13 0.3 0.13 0.29 0.23 0.29 0.32 0.36 0.13 0.37 0.23 0.37 0.32 0.31 0.32 0.32 0.44 0.32 0.57 0.35 0.31 0.34 0.44 0.34 0.57 0.32 0.06 0.33 0.06 0.31 0.07 0.34 0.07
0.32 0.07 0.32 0.13 0.3 0.13 0.29 0.23 0.29 0.32 0.35 0.13 0.37 0.23 0.37 0.32 0.31 0.32 0.32 0.44 0.32 0.57 0.35 0.31 0.34 0.42 0.34 0.57 0.32 0.06 0.33 0.06 0.31 0.07 0.34 0.07
0.32 0.07 0.32 0.13 0.3 0.13 0.29 0.23 0.29 0.33 0.35 0.13 0.37 0.23 0.37 0.32 0.31 0.32 0.32 0.44 0.32 0.57 0.34 0.31 0.34 0.42 0.34 0.57 0.32 0.06 0.33 0.06 0.31 0.07 0.34 0.07
0.32 0.06 0.32 0.13 0.3 0.13 0.29 0.23 0.29 0.32 0.35 0.13 0.37 0.23 0.37 0.32 0.31 0.32 0.32 0.44 0.32 0.57 0.34 0.31 0.34 0.44 0.34 0.57 0.32 0.06 0.33 0.06 0.31 0.07 0.34 0.07
0.32 0.07 0.32 0.13 0.3 0.13 0.29 0.23 0.29 0.32 0.35 0.13 0.37 0.23 0.37 0.32 0.31 0.32 0.32 0.44 0.32 0.57 0.34 0.31 0.34 0.44 0.34 0.57 0.32 0.06 0.33 0.06 0.31 0.07 0.34 0.06
0.32 0.07 0.32 0.13 0.3 0.13 0.29 0.23 0.29 0.32 0.35 0.13 0.37 0.23 0.37 0.32 0.31 0.32 0.32 0.44 0.32 0.57 0.34 0.31 0.34 0.44 0.34 0.57 0.32 0.06 0.33 0.06 0.31 0.07 0.34 0.06
0.32 0.07 0.32 0.13 0.3 0.13 0.29 0.23 0.29 0.32 0.35 0.13 0.37 0.23 0.36 0.32 0.31 0.32 0.32 0.44 0.32 0.57 0.34 0.31 0.34 0.44 0.34 0.57 0.32 0.06 0.33 0.06 0.31 0.07 0.34 0.07
0.32 0.07 0.32 0.13 0.3 0.13 0.29 0.23 0.29 0.32 0.35 0.13 0.36 0.23 0.36 0.32 0.31 0.32 0.32 0.44 0.32 0.57 0.34 0.31 0.34 0.44 0.34 0.57 0.32 0.06 0.33 0.06 0.31 0.07 0.34 0.07
0.32 0.07 0.32 0.13 0.3 0.13 0.29 0.23 0.29 0.32 0.35 0.13 0.36 0.23 0.36 0.32 0.31 0.32 0.32 0.44 0.32 0.57 0.34 0.31 0.34 0.44 0.34 0.57 0.32 0.06 0.33 0.06 0.31 0.07 0.34 0.06
0.32 0.07 0.32 0.13 0.3 0.13 0.29 0.23 0.29 0.32 0.35 0.13 0.36 0.23 0.36 0.32 0.31 0.32 0.32 0.44 0.32 0.57 0.34 0.31 0.34 0.44 0.34 0.57 0.32 0.06 0.33 0.06 0.31 0.07 0.34 0.07
0.32 0.07 0.32 0.13 0.3 0.13 0.29 0.23 0.29 0.32 0.35 0.13 0.36 0.23 0.36 0.32 0.31 0.32 0.32 0.44 0.32 0.57 0.34 0.31 0.34 0.44 0.34 0.57 0.32 0.06 0.33 0.06 0.31 0.07 0.34 0.07
0.32 0.07 0.32 0.13 0.3 0.13 0.29 0.23 0.29 0.32 0.35 0.13 0.36 0.23 0.37 0.32 0.31 0.32 0.32 0.44 0.32 0.57 0.34 0.31 0.34 0.44 0.34 0.57 0.32 0.06 0.33 0.06 0.31 0.07 0.34 0.07
0.32 0.07 0.32 0.13 0.3 0.13 0.29 0.23 0.29 0.32 0.35 0.13 0.36 0.23 0.37 0.32 0.31 0.32 0.32 0.44 0.32 0.57 0.34 0.31 0.34 0.44 0.34 0.57 0.32 0.06 0.33 0.06 0.31 0.07 0.34 0.07
0.32 0.07 0.32 0.13 0.3 0.13 0.29 0.25 0.29 0.32 0.35 0.13 0.36 0.23 0.37 0.32 0.31 0.32 0.32 0.44 0.32 0.57 0.34 0.31 0.34 0.44 0.34 0.57 0.32 0.06 0.33 0.06 0.31 0.07 0.34 0.07
0.32 0.07 0.32 0.13 0.3 0.13 0.29 0.23 0.29 0.32 0.35 0.13 0.36 0.23 0.37 0.32 0.31 0.32 0.32 0.44 0.32 0.57 0.34 0.31 0.34 0.44 0.34 0.57 0.32 0.06 0.33 0.06 0.31 0.07 0.34 0.07
0.32 0.07 0.32 0.13 0.3 0.13 0.29 0.25 0.29 0.32 0.35 0.13 0.36 0.23 0.36 0.32 0.31 0.32 0.32 0.44 0.32 0.57 0.34 0.31 0.34 0.44 0.34 0.57 0.32 0.06 0.33 0.06 0.31 0.07 0.34 0.07
0.32 0.07 0.32 0.13 0.3 0.13 0.29 0.23 0.29 0.32 0.35 0.13 0.36 0.23 0.36 0.32 0.31 0.32 0.32 0.44 0.32 0.57 0.34 0.31 0.34 0.42 0.34 0.57 0.32 0.06 0.33 0.06 0.31 0.07 0.34 0.07
0.32 0.07 0.32 0.13 0.3 0.13 0.29 0.23 0.29 0.32 0.35 0.13 0.36 0.23 0.36 0.32 0.31 0.32 0.32 0.44 0.32 0.57 0.34 0.31 0.34 0.44 0.34 0.57 0.32 0.06 0.33 0.06 0.31 0.07 0.34 0.07
0.32 0.07 0.32 0.13 0.3 0.13 0.29 0.23 0.29 0.32 0.35 0.13 0.36 0.23 0.36 0.32 0.31 0.32 0.32 0.44 0.32 0.57 0.34 0.31 0.34 0.44 0.34 0.57 0.32 0.06 0.33 0.06 0.31 0.07 0.34 0.07
0.32 0.07 0.32 0.13 0.3 0.13 0.29 0.25 0.29 0.32 0.35 0.13 0.36 0.23 0.36 0.32 0.31 0.32 0.32 0.44 0.32 0.57 0.34 0.31 0.34 0.44 0.34 0.57 0.32 0.06 0.33 0.06 0.31 0.07 0.34 0.07
0.32 0.07 0.32 0.13 0.3 0.13 0.29 0.25 0.29 0.32 0.35 0.13 0.36 0.23 0.37 0.32 0.31 0.32 0.32 0.44 0.32 0.57 0.34 0.31 0.34 0.44 0.34 0.57 0.32 0.06 0.33 0.06 0.31 0.07 0.34 0.07
0.32 0.07 0.32 0.13 0.3 0.13 0.29 0.23 0.29 0.32 0.35 0.13 0.36 0.23 0.37 0.32 0.31 0.32 0.32 0.44 0.32 0.57 0.34 0.31 0.34 0.44 0.34 0.57 0.32 0.06 0.33 0.06 0.31 0.07 0.34 0.07
0.32 0.07 0.32 0.13 0.3 0.13 0.29 0.25 0.29 0.32 0.35 0.13 0.36 0.23 0.37 0.32 0.31 0.32 0.32 0.44 0.32 0.57 0.34 0.31 0.34 0.44 0.34 0.57 0.32 0.06 0.33 0.06 0.31 0.07 0.34 0.07
0.32 0.07 0.32 0.13 0.3 0.13 0.29 0.23 0.29 0.32 0.35 0.13 0.36 0.23 0.37 0.32 0.31 0.32 0.32 0.44 0.32 0.57 0.34 0.31 0.34 0.44 0.34 0.57 0.32 0.06 0.33 0.06 0.31 0.07 0.34 0.07
0.32 0.07 0.32 0.13 0.3 0.13 0.29 0.23 0.29 0.32 0.35 0.13 0.36 0.23 0.36 0.32 0.31 0.32 0.32 0.44 0.32 0.57 0.34 0.31 0.34 0.44 0.34 0.57 0.32 0.06 0.33 0.06 0.31 0.07 0.34 0.07
0.32 0.07 0.32 0.13 0.3 0.13 0.29 0.23 0.29 0.32 0.35 0.13 0.36 0.23 0.36 0.32 0.31 0.32 0.32 0.44 0.32 0.57 0.34 0.31 0.34 0.44 0.34 0.57 0.32 0.06 0.33 0.06 0.31 0.07 0.34 0.07
0.32 0.07 0.32 0.13 0.3 0.13 0.29 0.25 0.29 0.32 0.35 0.13 0.36 0.23 0.36 0.32 0.31 0.32 0.32 0.44 0.32 0.57 0.34 0.31 0.34 0.44 0.34 0.57 0.32 0.06 0.33 0.06 0.31 0.07 0.34 0.07
0.32 0.07 0.32 0.13 0.3 0.13 0.29 0.23 0.29 0.32 0.35 0.13 0.36 0.23 0.36 0.32 0.31 0.32 0.32 0.44 0.32 0.57 0.34 0.31 0.34 0.44 0.34 0.57 0.32 0.06 0.33 0.06 0.31 0.07 0.34 0.07
0.32 0.07 0.32 0.13 0.3 0.13 0.29 0.23 0.29 0.32 0.35 0.13 0.36 0.23 0.37 0.32 0.31 0.32 0.32 0.44 0.32 0.57 0.34 0.31 0.34 0.44 0.34 0.57 0.32 0.06 0.33 0.06 0.31 0.07 0.34 0.07
0.32 0.07 0.32 0.13 0.3 0.13 0.29 0.23 0.29 0.32 0.35 0.13 0.36 0.23 0.37 0.32 0.31 0.32 0.32 0.44 0.32 0.57 0.34 0.31 0.34 0.44 0.34 0.57 0.32 0.06 0.33 0.06 0.31 0.07 0.34 0.07
0.32 0.07 0.32 0.13 0.3 0.13 0.29 0.23 0.29 0.32 0.35 0.13 0.36 0.23 0.37 0.32 0.31 0.32 0.32 0.44 0.32 0.57 0.34 0.31 0.34 0.44 0.34 0.57 0.32 0.06 0.33 0.06 0.31 0.07 0.34 0.07
0.32 0.07 0.32 0.13 0.3 0.13 0.29 0.23 0.29 0.32 0.35 0.13 0.36 0.23 0.37 0.32 0.31 0.32 0.32 0.44 0.32 0.57 0.34 0.31 0.34 0.42 0.34 0.57 0.32 0.06 0.33 0.06 0.31 0.07 0.34 0.07
0.32 0.07 0.32 0.13 0.3 0.13 0.29 0.23 0.29 0.32 0.35 0.13 0.36 0.23 0.37 0.32 0.31 0.32 0.32 0.44 0.32 0.57 0.34 0.31 0.34 0.44 0.34 0.57 0.32 0.06 0.33 0.06 0.31 0.07 0.34 0.07
0.32 0.07 0.32 0.13 0.3 0.13 0.29 0.25 0.29 0.32 0.35 0.13 0.36 0.23 0.37 0.32 0.31 0.32 0.32 0.44 0.32 0.57 0.34 0.31 0.34 0.44 0.34 0.57 0.32 0.06 0.33 0.06 0.31 0.07 0.34 0.07
0.32 0.07 0.32 0.13 0.3 0.13 0.29 0.23 0.29 0.32 0.35 0.13 0.36 0.23 0.37 0.32 0.31 0.32 0.32 0.44 0.32 0.57 0.34 0.31 0.34 0.44 0.34 0.57 0.32 0.06 0.33 0.06 0.31 0.07 0.34 0.07
0.32 0.07 0.32 0.13 0.3 0.13 0.29 0.23 0.29 0.32 0.35 0.13 0.36 0.23 0.37 0.32 0.31 0.32 0.32 0.44 0.32 0.57 0.34 0.31 0.34 0.44 0.34 0.57 0.32 0.06 0.33 0.06 0.31 0.07 0.34 0.07
0.32 0.07 0.32 0.13 0.3 0.13 0.29 0.23 0.29 0.32 0.35 0.13 0.36 0.23 0.37 0.32 0.31 0.32 0.32 0.44 0.32 0.57 0.34 0.31 0.34 0.44 0.34 0.57 0.32 0.06 0.33 0.06 0.31 0.07 0.34 0.07
0.32 0.07 0.32 0.13 0.3 0.13 0.29 0.23 0.29 0.32 0.35 0.13 0.36 0.23 0.37 0.32 0.31 0.32 0.32 0.44 0.32 0.57 0.34 0.31 0.34 0.44 0.34 0.57 0.32 0.06 0.33 0.06 0.31 0.07 0.34 0.07
0.32 0.07 0.32 0.13 0.3 0.13 0.29 0.23 0.29 0.32 0.35 0.13 0.36 0.23 0.37 0.32 0.31 0.32 0.32 0.44 0.32 0.57 0.34 0.31 0.34 0.44 0.34 0.57 0.32 0.06 0.33 0.06 0.31 0.07 0.34 0.07
0.32 0.07 0.32 0.13 0.3 0.13 0.29 0.25 0.29 0.32 0.35 0.13 0.36 0.23 0.37 0.32 0.31 0.32 0.32 0.44 0.32 0.57 0.34 0.31 0.34 0.44 0.34 0.57 0.32 0.06 0.33 0.06 0.31 0.07 0.34 0.07
0.32 0.07 0.32 0.13 0.3 0.13 0.29 0.23 0.29 0.32 0.35 0.13 0.36 0.23 0.37 0.32 0.31 0.32 0.32 0.44 0.32 0.57 0.34 0.31 0.34 0.44 0.34 0.57 0.32 0.06 0.33 0.06 0.31 0.07 0.34 0.07
0.32 0.07 0.32 0.13 0.3 0.13 0.29 0.23 0.29 0.32 0.35 0.13 0.36 0.23 0.37 0.32 0.31 0.32 0.32 0.44 0.32 0.57 0.34 0.31 0.34 0.44 0.34 0.57 0.32 0.06 0.33 0.06 0.31 0.07 0.34 0.07
0.32 0.07 0.32 0.13 0.3 0.13 0.29 0.23 0.29 0.32 0.35 0.13 0.36 0.23 0.37 0.32 0.31 0.32 0.32 0.44 0.32 0.57 0.34 0.31 0.34 0.44 0.34 0.57 0.32 0.06 0.33 0.06 0.31 0.07 0.34 0.07
0.32 0.07 0.32 0.13 0.3 0.13 0.29 0.23 0.29 0.32 0.35 0.13 0.36 0.23 0.37 0.32 0.31 0.32 0.32 0.44 0.32 0.57 0.34 0.31 0.34 0.44 0.34 0.57 0.32 0.06 0.33 0.06 0.31 0.07 0.34 0.07
0.32 0.07 0.32 0.13 0.3 0.13 0.29 0.23 0.29 0.32 0.35 0.13 0.36 0.23 0.37 0.32 0.31 0.32 0.32 0.44 0.32 0.57 0.34 0.31 0.34 0.44 0.34 0.57 0.32 0.06 0.33 0.06 0.31 0.07 0.34 0.07
0.32 0.07 0.32 0.13 0.3 0.13 0.29 0.23 0.29 0.32 0.35 0.13 0.36 0.23 0.37 0.32 0.31 0.32 0.32 0.44 0.32 0.57 0.34 0.31 0.34 0.44 0.34 0.57 0.32 0.06 0.33 0.06 0.31 0.07 0.34 0.07
0.32 0.07 0.32 0.13 0.3 0.13 0.29 0.23 0.29 0.32 0.35 0.13 0.36 0.23 0.37 0.32 0.31 0.32 0.32 0.44 0.32 0.57 0.34 0.31 0.34 0.44 0.34 0.57 0.32 0.06 0.33 0.06 0.31 0.07 0.34 0.07
0.32 0.07 0.32 0.13 0.3 0.13 0.29 0.23 0.29 0.32 0.35 0.13 0.36 0.23 0.37 0.32 0.31 0.32 0.32 0.44 0.32 0.57 0.34 0.31 0.34 0.44 0.34 0.57 0.32 0.06 0.33 0.06 0.31 0.07 0.34 0.07
0.32 0.07 0.32 0.13 0.3 0.13 0.29 0.23 0.29 0.32 0.35 0.13 0.36 0.23 0.37 0.32 0.31 0.32 0.32 0.44 0.32 0.57 0.34 0.31 0.34 0.44 0.34 0.57 0.32 0.06 0.33 0.06 0.31 0.07 0.34 0.07
0.32 0.07 0.32 0.13 0.3 0.13 0.29 0.23 0.29 0.32 0.35 0.13 0.36 0.23 0.37 0.32 0.31 0.32 0.32 0.44 0.32 0.57 0.34 0.31 0.34 0.44 0.34 0.57 0.32 0.06 0.33 0.06 0.31 0.07 0.34 0.07
0.32 0.07 0.32 0.13 0.3 0.13 0.29 0.23 0.29 0.32 0.35 0.13 0.36 0.23 0.37 0.32 0.31 0.32 0.32 0.44 0.32 0.57 0.34 0.31 0.34 0.44 0.34 0.57 0.32 0.06 0.33 0.06 0.31 0.07 0.34 0.07
0.32 0.07 0.32 0.13 0.3 0.13 0.29 0.23 0.29 0.32 0.35 0.13 0.36 0.23 0.37 0.32 0.31 0.32 0.32 0.44 0.32 0.57 0.34 0.31 0.34 0.44 0.34 0.57 0.32 0.06 0.33 0.06 0.31 0.07 0.34 0.07
0.32 0.07 0.32 0.13 0.3 0.13 0.29 0.23 0.29 0.32 0.35 0.13 0.36 0.23 0.37 0.32 0.31 0.32 0.32 0.44 0.32 0.57 0.34 0.31 0.34 0.44 0.34 0.57 0.32 0.06 0.33 0.06 0.31 0.07 0.34 0.07
0.32 0.07 0.32 0.13 0.3 0.13 0.29 0.23 0.29 0.32 0.35 0.13 0.36 0.23 0.37 0.32 0.31 0.32 0.32 0.44 0.32 0.57 0.34 0.31 0.34 0.44 0.34 0.57 0.32 0.06 0.33 0.06 0.31 0.07 0.34 0.07
0.32 0.07 0.32 0.13 0.3 0.13 0.29 0.23 0.29 0.32 0.35 0.13 0.36 0.23 0.37 0.32 0.31 0.32 0.32 0.44 0.32 0.57 0.34 0.31 0.34 0.44 0.34 0.57 0.32 0.06 0.33 0.06 0.31 0.07 0.34 0.07
0.32 0.07 0.32 0.13 0.3 0.13 0.29 0.23 0.29 0.32 0.35 0.13 0.36 0.23 0.36 0.32 0.31 0.32 0.32 0.44 0.32 0.57 0.34 0.31 0.34 0.44 0.34 0.57 0.32 0.06 0.33 0.06 0.31 0.07 0.34 0.07
0.32 0.07 0.32 0.13 0.29 0.13 0.29 0.23 0.29 0.32 0.35 0.13 0.36 0.23 0.36 0.32 0.31 0.32 0.32 0.44 0.32 0.57 0.34 0.31 0.34 0.44 0.34 0.57 0.32 0.06 0.32 0.06 0.31 0.07 0.34 0.07
0.32 0.07 0.32 0.13 0.29 0.13 0.29 0.23 0.29 0.32 0.35 0.13 0.36 0.23 0.36 0.32 0.31 0.32 0.32 0.44 0.32 0.57 0.34 0.31 0.34 0.44 0.34 0.57 0.32 0.06 0.32 0.06 0.31 0.07 0.34 0.07
0.32 0.06 0.32 0.13 0.29 0.13 0.29 0.23 0.29 0.32 0.35 0.13 0.36 0.23 0.36 0.32 0.31 0.32 0.32 0.44 0.32 0.57 0.34 0.31 0.34 0.44 0.34 0.57 0.31 0.06 0.32 0.06 0.31 0.07 0.34 0.07
0.32 0.06 0.32 0.13 0.29 0.13 0.29 0.25 0.29 0.32 0.35 0.13 0.36 0.23 0.36 0.32 0.31 0.32 0.32 0.44 0.32 0.57 0.34 0.31 0.34 0.44 0.34 0.57 0.31 0.06 0.32 0.06 0.31 0.07 0.34 0.07
0.32 0.06 0.32 0.13 0.29 0.13 0.29 0.23 0.29 0.32 0.35 0.13 0.36 0.23 0.36 0.32 0.31 0.32 0.32 0.44 0.32 0.57 0.34 0.31 0.34 0.44 0.34 0.57 0.31 0.06 0.32 0.06 0.31 0.07 0.34 0.07
0.32 0.06 0.32 0.13 0.29 0.13 0.29 0.23 0.29 0.32 0.35 0.13 0.36 0.23 0.36 0.32 0.31 0.32 0.32 0.44 0.32 0.57 0.34 0.31 0.34 0.44 0.34 0.57 0.31 0.06 0.32 0.06 0.31 0.07 0.34 0.07
0.32 0.07 0.32 0.13 0.29 0.13 0.29 0.23 0.29 0.32 0.35 0.13 0.36 0.23 0.36 0.32 0.31 0.32 0.32 0.44 0.32 0.57 0.34 0.31 0.34 0.44 0.34 0.57 0.31 0.06 0.32 0.06 0.31 0.07 0.34 0.07
0.32 0.07 0.32 0.13 0.29 0.13 0.29 0.23 0.29 0.32 0.35 0.13 0.36 0.23 0.36 0.32 0.31 0.32 0.32 0.44 0.32 0.57 0.34 0.31 0.34 0.44 0.34 0.57 0.31 0.06 0.32 0.06 0.31 0.07 0.34 0.07
0.32 0.07 0.32 0.13 0.29 0.13 0.29 0.23 0.29 0.32 0.35 0.13 0.36 0.23 0.36 0.32 0.31 0.32 0.32 0.44 0.32 0.57 0.34 0.31 0.34 0.44 0.34 0.57 0.31 0.06 0.32 0.06 0.31 0.07 0.34 0.07
0.32 0.07 0.32 0.13 0.29 0.13 0.29 0.23 0.29 0.32 0.35 0.13 0.36 0.23 0.36 0.32 0.31 0.32 0.32 0.44 0.32 0.57 0.34 0.31 0.34 0.44 0.34 0.57 0.31 0.06 0.32 0.06 0.31 0.07 0.34 0.07
0.32 0.07 0.32 0.13 0.29 0.13 0.29 0.23 0.29 0.32 0.35 0.13 0.36 0.23 0.36 0.32 0.31 0.32 0.32 0.44 0.32 0.57 0.34 0.31 0.34 0.44 0.34 0.57 0.32 0.06 0.32 0.06 0.31 0.07 0.34 0.07
0.32 0.07 0.32 0.13 0.29 0.13 0.29 0.23 0.29 0.32 0.35 0.13 0.36 0.23 0.36 0.32 0.31 0.32 0.32 0.44 0.32 0.57 0.34 0.31 0.34 0.44 0.34 0.57 0.32 0.06 0.32 0.06 0.31 0.07 0.34 0.07
0.32 0.07 0.32 0.13 0.29 0.13 0.29 0.23 0.29 0.32 0.35 0.13 0.36 0.23 0.36 0.32 0.31 0.32 0.32 0.44 0.32 0.57 0.34 0.31 0.34 0.44 0.34 0.57 0.32 0.06 0.32 0.06 0.31 0.07 0.34 0.07
0.32 0.07 0.32 0.13 0.29 0.13 0.29 0.23 0.29 0.32 0.35 0.13 0.36 0.23 0.36 0.32 0.31 0.32 0.32 0.44 0.32 0.57 0.34 0.31 0.34 0.44 0.34 0.57 0.32 0.06 0.32 0.06 0.31 0.07 0.34 0.07
0.32 0.07 0.32 0.13 0.29 0.13 0.29 0.23 0.29 0.32 0.35 0.13 0.36 0.23 0.36 0.32 0.31 0.32 0.32 0.44 0.32 0.57 0.34 0.31 0.34 0.44 0.34 0.57 0.32 0.06 0.32 0.06 0.31 0.07 0.34 0.07
0.32 0.07 0.32 0.13 0.29 0.13 0.29 0.23 0.29 0.32 0.35 0.13 0.36 0.23 0.36 0.32 0.31 0.32 0.32 0.44 0.32 0.57 0.34 0.31 0.34 0.44 0.34 0.57 0.32 0.06 0.32 0.06 0.31 0.07 0.34 0.07
0.32 0.06 0.32 0.13 0.29 0.13 0.29 0.23 0.29 0.32 0.35 0.13 0.36 0.23 0.36 0.32 0.31 0.32 0.32 0.44 0.32 0.57 0.34 0.31 0.34 0.44 0.34 0.57 0.32 0.06 0.32 0.06 0.31 0.07 0.34 0.07
0.32 0.07 0.32 0.13 0.29 0.13 0.29 0.23 0.29 0.32 0.35 0.13 0.36 0.23 0.36 0.32 0.31 0.32 0.32 0.44 0.32 0.57 0.34 0.31 0.34 0.44 0.34 0.57 0.32 0.06 0.32 0.06 0.31 0.07 0.34 0.07
0.32 0.06 0.32 0.13 0.29 0.15 0.29 0.23 0.29 0.32 0.35 0.13 0.36 0.23 0.36 0.32 0.31 0.32 0.32 0.44 0.32 0.57 0.34 0.31 0.34 0.44 0.34 0.57 0.31 0.06 0.32 0.06 0.31 0.07 0.34 0.07
0.32 0.06 0.32 0.13 0.29 0.15 0.29 0.25 0.29 0.32 0.35 0.13 0.36 0.23 0.36 0.32 0.31 0.32 0.32 0.44 0.32 0.57 0.34 0.31 0.34 0.44 0.34 0.57 0.31 0.06 0.32 0.06 0.31 0.07 0.34 0.07
0.32 0.07 0.32 0.13 0.29 0.13 0.29 0.25 0.29 0.32 0.35 0.13 0.36 0.23 0.36 0.32 0.31 0.32 0.32 0.44 0.32 0.57 0.34 0.31 0.34 0.44 0.34 0.57 0.31 0.06 0.32 0.06 0.31 0.07 0.34 0.07
0.32 0.07 0.32 0.13 0.29 0.15 0.29 0.23 0.29 0.32 0.35 0.13 0.36 0.23 0.36 0.32 0.31 0.32 0.32 0.44 0.32 0.57 0.34 0.31 0.34 0.44 0.34 0.57 0.31 0.06 0.32 0.06 0.31 0.07 0.34 0.07
0.32 0.07 0.32 0.13 0.29 0.13 0.29 0.23 0.29 0.32 0.35 0.13 0.36 0.23 0.36 0.32 0.31 0.32 0.32 0.44 0.32 0.57 0.34 0.31 0.34 0.44 0.34 0.57 0.32 0.06 0.32 0.06 0.31 0.07 0.34 0.07
0.32 0.06 0.32 0.13 0.29 0.13 0.29 0.23 0.29 0.32 0.35 0.13 0.36 0.23 0.36 0.32 0.31 0.32 0.32 0.44 0.32 0.57 0.34 0.31 0.34 0.44 0.34 0.57 0.32 0.06 0.32 0.06 0.31 0.07 0.34 0.07
0.32 0.07 0.32 0.13 0.29 0.13 0.29 0.23 0.29 0.32 0.35 0.13 0.36 0.23 0.36 0.32 0.31 0.32 0.32 0.44 0.32 0.57 0.34 0.31 0.34 0.44 0.34 0.57 0.32 0.06 0.32 0.06 0.31 0.07 0.34 0.07
0.32 0.07 0.32 0.13 0.29 0.13 0.29 0.23 0.29 0.32 0.35 0.13 0.36 0.23 0.36 0.32 0.31 0.32 0.32 0.44 0.32 0.57 0.34 0.31 0.34 0.44 0.34 0.57 0.32 0.06 0.32 0.06 0.31 0.07 0.34 0.07
0.32 0.07 0.32 0.13 0.29 0.13 0.29 0.23 0.29 0.32 0.35 0.13 0.36 0.23 0.36 0.32 0.31 0.32 0.32 0.44 0.32 0.57 0.34 0.31 0.34 0.44 0.34 0.57 0.32 0.06 0.32 0.06 0.31 0.07 0.34 0.07
0.32 0.06 0.32 0.13 0.29 0.13 0.29 0.23 0.29 0.32 0.35 0.13 0.36 0.23 0.36 0.32 0.31 0.32 0.32 0.44 0.32 0.57 0.34 0.31 0.34 0.44 0.34 0.57 0.32 0.06 0.32 0.06 0.31 0.07 0.34 0.07
0.32 0.07 0.32 0.13 0.29 0.13 0.29 0.23 0.29 0.32 0.35 0.13 0.36 0.23 0.36 0.32 0.31 0.32 0.32 0.44 0.32 0.57 0.34 0.31 0.34 0.44 0.34 0.57 0.32 0.06 0.32 0.06 0.31 0.07 0.34 0.07
0.32 0.07 0.32 0.13 0.29 0.13 0.29 0.23 0.29 0.32 0.35 0.13 0.36 0.23 0.36 0.32 0.31 0.32 0.32 0.44 0.32 0.57 0.34 0.31 0.34 0.44 0.34 0.57 0.32 0.06 0.32 0.06 0.31 0.07 0.34 0.07
0.32 0.07 0.32 0.13 0.29 0.13 0.29 0.23 0.29 0.32 0.35 0.13 0.36 0.23 0.36 0.32 0.31 0.32 0.32 0.44 0.32 0.57 0.34 0.31 0.34 0.44 0.34 0.57 0.32 0.06 0.32 0.06 0.31 0.07 0.34 0.07
0.32 0.07 0.32 0.13 0.29 0.13 0.29 0.23 0.29 0.32 0.35 0.13 0.36 0.23 0.36 0.32 0.31 0.32 0.32 0.44 0.32 0.57 0.34 0.31 0.34 0.44 0.34 0.57 0.32 0.06 0.32 0.06 0.31 0.07 0.34 0.07
0.32 0.07 0.32 0.13 0.29 0.13 0.29 0.23 0.29 0.32 0.35 0.13 0.36 0.23 0.36 0.32 0.31 0.32 0.32 0.44 0.32 0.57 0.34 0.31 0.34 0.44 0.34 0.57 0.32 0.06 0.32 0.06 0.31 0.07 0.34 0.07
0.32 0.07 0.32 0.13 0.29 0.13 0.29 0.23 0.29 0.32 0.35 0.13 0.36 0.23 0.36 0.32 0.31 0.32 0.32 0.44 0.32 0.57 0.34 0.31 0.34 0.44 0.34 0.57 0.32 0.06 0.32 0.06 0.31 0.07 0.34 0.07
0.32 0.07 0.32 0.13 0.29 0.13 0.29 0.23 0.29 0.32 0.35 0.13 0.36 0.23 0.36 0.32 0.31 0.32 0.32 0.44 0.32 0.57 0.34 0.31 0.34 0.44 0.34 0.57 0.32 0.06 0.32 0.06 0.31 0.07 0.34 0.07
0.32 0.07 0.32 0.13 0.29 0.13 0.29 0.23 0.29 0.32 0.35 0.13 0.36 0.23 0.36 0.32 0.31 0.32 0.32 0.44 0.32 0.57 0.34 0.31 0.34 0.44 0.34 0.57 0.32 0.06 0.32 0.06 0.31 0.07 0.34 0.07
0.32 0.07 0.32 0.13 0.29 0.13 0.29 0.23 0.29 0.32 0.35 0.13 0.36 0.23 0.36 0.32 0.31 0.32 0.32 0.44 0.32 0.57 0.34 0.31 0.34 0.44 0.34 0.57 0.32 0.06 0.32 0.06 0.31 0.07 0.34 0.07
0.32 0.07 0.32 0.13 0.3 0.13 0.29 0.23 0.29 0.32 0.35 0.13 0.36 0.23 0.37 0.32 0.31 0.32 0.32 0.44 0.32 0.57 0.34 0.31 0.34 0.44 0.34 0.57 0.32 0.06 0.32 0.06 0.31 0.07 0.34 0.07
0.32 0.07 0.32 0.13 0.3 0.13 0.29 0.23 0.29 0.32 0.35 0.13 0.36 0.23 0.37 0.32 0.31 0.32 0.32 0.44 0.32 0.57 0.34 0.31 0.34 0.44 0.34 0.57 0.32 0.06 0.32 0.06 0.31 0.07 0.34 0.07
0.32 0.07 0.32 0.13 0.3 0.13 0.29 0.23 0.29 0.32 0.35 0.13 0.36 0.23 0.37 0.32 0.31 0.32 0.32 0.44 0.32 0.57 0.34 0.31 0.34 0.44 0.34 0.57 0.32 0.06 0.32 0.06 0.31 0.07 0.34 0.07
0.32 0.07 0.32 0.13 0.3 0.13 0.29 0.23 0.29 0.32 0.35 0.13 0.36 0.23 0.36 0.32 0.31 0.32 0.32 0.44 0.32 0.57 0.34 0.31 0.34 0.44 0.34 0.57 0.32 0.06 0.32 0.06 0.31 0.07 0.34 0.07
0.32 0.07 0.32 0.13 0.29 0.13 0.29 0.23 0.29 0.32 0.35 0.13 0.36 0.23 0.36 0.32 0.31 0.32 0.32 0.44 0.32 0.57 0.34 0.31 0.34 0.44 0.34 0.57 0.32 0.06 0.32 0.06 0.31 0.07 0.34 0.07
0.32 0.07 0.32 0.13 0.29 0.13 0.29 0.23 0.29 0.32 0.35 0.13 0.36 0.23 0.36 0.32 0.31 0.32 0.32 0.44 0.32 0.57 0.34 0.31 0.34 0.44 0.34 0.57 0.32 0.06 0.32 0.06 0.31 0.07 0.34 0.07
0.32 0.06 0.32 0.13 0.29 0.13 0.29 0.23 0.29 0.32 0.35 0.13 0.36 0.23 0.36 0.32 0.31 0.32 0.32 0.44 0.32 0.57 0.34 0.31 0.34 0.44 0.34 0.57 0.32 0.06 0.32 0.06 0.31 0.07 0.34 0.07
0.32 0.06 0.32 0.13 0.29 0.13 0.29 0.23 0.29 0.32 0.35 0.13 0.36 0.23 0.36 0.32 0.31 0.32 0.32 0.44 0.32 0.57 0.34 0.31 0.34 0.44 0.34 0.57 0.32 0.06 0.32 0.06 0.31 0.07 0.34 0.07
0.32 0.06 0.32 0.13 0.29 0.15 0.29 0.23 0.29 0.32 0.35 0.13 0.36 0.23 0.36 0.32 0.31 0.32 0.32 0.44 0.32 0.57 0.34 0.31 0.34 0.44 0.34 0.57 0.31 0.06 0.32 0.06 0.31 0.07 0.34 0.07
0.32 0.06 0.32 0.13 0.29 0.15 0.29 0.25 0.29 0.32 0.35 0.13 0.36 0.23 0.36 0.32 0.31 0.32 0.32 0.44 0.32 0.57 0.34 0.31 0.34 0.44 0.34 0.57 0.31 0.06 0.32 0.06 0.31 0.07 0.34 0.07
0.32 0.07 0.32 0.13 0.29 0.15 0.29 0.23 0.29 0.32 0.35 0.13 0.36 0.23 0.36 0.32 0.31 0.32 0.32 0.44 0.32 0.57 0.34 0.31 0.34 0.44 0.34 0.57 0.31 0.06 0.32 0.06 0.31 0.07 0.34 0.07
0.32 0.07 0.32 0.13 0.29 0.15 0.29 0.23 0.29 0.32 0.35 0.13 0.36 0.23 0.36 0.32 0.31 0.32 0.32 0.44 0.32 0.57 0.34 0.31 0.34 0.44 0.34 0.57 0.31 0.06 0.32 0.06 0.31 0.07 0.34 0.07
0.32 0.07 0.32 0.13 0.29 0.15 0.29 0.25 0.29 0.32 0.35 0.13 0.36 0.23 0.36 0.32 0.31 0.32 0.32 0.44 0.32 0.57 0.34 0.31 0.34 0.44 0.34 0.57 0.31 0.06 0.32 0.06 0.31 0.07 0.34 0.07
0.32 0.07 0.32 0.13 0.29 0.13 0.29 0.23 0.29 0.32 0.35 0.13 0.36 0.23 0.36 0.32 0.31 0.32 0.32 0.44 0.32 0.57 0.34 0.31 0.34 0.44 0.34 0.57 0.31 0.06 0.32 0.06 0.31 0.07 0.34 0.07
0.32 0.07 0.32 0.13 0.29 0.13 0.29 0.23 0.29 0.32 0.35 0.13 0.36 0.23 0.36 0.32 0.31 0.32 0.32 0.44 0.32 0.57 0.34 0.31 0.34 0.44 0.34 0.57 0.31 0.06 0.32 0.06 0.31 0.07 0.34 0.07
0.32 0.07 0.32 0.13 0.29 0.13 0.29 0.23 0.29 0.32 0.35 0.13 0.36 0.23 0.36 0.32 0.31 0.32 0.32 0.44 0.32 0.57 0.34 0.31 0.34 0.44 0.34 0.57 0.31 0.06 0.32 0.06 0.31 0.07 0.34 0.07
0.32 0.07 0.32 0.13 0.29 0.15 0.29 0.23 0.29 0.32 0.35 0.13 0.36 0.23 0.36 0.32 0.31 0.32 0.32 0.44 0.32 0.57 0.34 0.31 0.34 0.44 0.34 0.57 0.31 0.06 0.32 0.06 0.31 0.07 0.34 0.07
0.32 0.07 0.32 0.13 0.29 0.15 0.29 0.23 0.29 0.32 0.35 0.13 0.36 0.23 0.36 0.32 0.31 0.32 0.32 0.44 0.32 0.57 0.34 0.31 0.34 0.44 0.34 0.57 0.31 0.06 0.32 0.06 0.31 0.07 0.34 0.07
0.32 0.07 0.32 0.13 0.29 0.15 0.29 0.23 0.29 0.32 0.35 0.13 0.36 0.23 0.36 0.32 0.31 0.32 0.32 0.44 0.32 0.57 0.34 0.31 0.34 0.44 0.34 0.57 0.31 0.06 0.32 0.06 0.31 0.07 0.34 0.07
0.32 0.07 0.32 0.13 0.29 0.13 0.29 0.23 0.29 0.32 0.35 0.13 0.36 0.23 0.36 0.32 0.31 0.32 0.32 0.44 0.32 0.57 0.34 0.31 0.34 0.44 0.34 0.57 0.31 0.06 0.32 0.06 0.31 0.07 0.34 0.07
0.32 0.07 0.32 0.13 0.29 0.13 0.29 0.23 0.29 0.32 0.35 0.13 0.36 0.23 0.36 0.32 0.31 0.31 0.32 0.44 0.32 0.57 0.34 0.31 0.34 0.44 0.34 0.57 0.31 0.06 0.32 0.06 0.31 0.07 0.34 0.07
0.32 0.07 0.32 0.13 0.29 0.13 0.29 0.23 0.29 0.32 0.35 0.13 0.36 0.23 0.36 0.32 0.31 0.31 0.32 0.44 0.32 0.57 0.34 0.31 0.34 0.44 0.34 0.57 0.31 0.06 0.32 0.06 0.31 0.07 0.33 0.07
0.32 0.07 0.32 0.13 0.29 0.13 0.29 0.23 0.29 0.32 0.35 0.13 0.36 0.23 0.36 0.32 0.31 0.32 0.32 0.44 0.32 0.57 0.34 0.31 0.34 0.44 0.34 0.57 0.31 0.06 0.32 0.06 0.31 0.07 0.34 0.07
0.32 0.07 0.32 0.13 0.29 0.13 0.29 0.23 0.29 0.32 0.35 0.13 0.36 0.23 0.36 0.32 0.31 0.32 0.32 0.44 0.32 0.57 0.34 0.31 0.34 0.42 0.34 0.57 0.31 0.06 0.32 0.06 0.31 0.07 0.34 0.07
0.32 0.07 0.32 0.13 0.29 0.13 0.29 0.23 0.29 0.32 0.35 0.13 0.36 0.23 0.36 0.32 0.31 0.32 0.32 0.44 0.32 0.57 0.34 0.31 0.34 0.44 0.34 0.57 0.31 0.06 0.32 0.06 0.31 0.07 0.34 0.07
0.32 0.07 0.32 0.13 0.29 0.15 0.29 0.23 0.29 0.32 0.35 0.13 0.36 0.23 0.36 0.32 0.31 0.32 0.32 0.44 0.32 0.57 0.34 0.31 0.34 0.44 0.34 0.57 0.31 0.06 0.32 0.06 0.31 0.07 0.34 0.07
0.32 0.07 0.32 0.13 0.29 0.13 0.29 0.23 0.29 0.32 0.35 0.13 0.36 0.23 0.37 0.32 0.31 0.32 0.32 0.44 0.32 0.57 0.34 0.31 0.34 0.44 0.34 0.57 0.32 0.06 0.32 0.06 0.31 0.07 0.34 0.07
0.32 0.07 0.32 0.13 0.29 0.13 0.29 0.23 0.29 0.32 0.35 0.13 0.36 0.23 0.36 0.32 0.31 0.32 0.32 0.44 0.32 0.57 0.34 0.31 0.34 0.44 0.34 0.57 0.32 0.06 0.32 0.06 0.31 0.07 0.34 0.07
0.32 0.07 0.32 0.13 0.29 0.13 0.29 0.23 0.29 0.32 0.35 0.13 0.36 0.23 0.36 0.32 0.31 0.32 0.32 0.44 0.32 0.57 0.34 0.31 0.34 0.44 0.34 0.57 0.31 0.06 0.32 0.06 0.31 0.07 0.34 0.07
0.32 0.07 0.32 0.13 0.29 0.15 0.29 0.23 0.29 0.32 0.35 0.13 0.36 0.23 0.36 0.32 0.31 0.32 0.32 0.44 0.32 0.57 0.34 0.31 0.34 0.44 0.34 0.57 0.31 0.06 0.32 0.06 0.31 0.07 0.34 0.07
0.32 0.07 0.32 0.13 0.29 0.13 0.29 0.23 0.29 0.32 0.35 0.13 0.36 0.23 0.36 0.32 0.31 0.32 0.32 0.44 0.32 0.57 0.34 0.31 0.34 0.44 0.34 0.57 0.31 0.06 0.32 0.06 0.31 0.07 0.34 0.07
0.32 0.07 0.32 0.13 0.29 0.13 0.29 0.23 0.29 0.32 0.35 0.13 0.36 0.23 0.36 0.32 0.31 0.32 0.32 0.44 0.32 0.57 0.34 0.31 0.34 0.44 0.34 0.57 0.32 0.06 0.32 0.06 0.31 0.07 0.34 0.07
0.32 0.07 0.32 0.13 0.29 0.13 0.29 0.23 0.29 0.32 0.35 0.13 0.36 0.23 0.37 0.32 0.31 0.32 0.32 0.44 0.32 0.57 0.34 0.31 0.34 0.42 0.34 0.57 0.32 0.06 0.32 0.06 0.31 0.07 0.34 0.07
0.32 0.07 0.32 0.13 0.29 0.13 0.29 0.23 0.29 0.32 0.35 0.13 0.36 0.23 0.37 0.32 0.31 0.32 0.32 0.44 0.32 0.57 0.34 0.31 0.34 0.44 0.34 0.57 0.32 0.06 0.32 0.06 0.31 0.07 0.34 0.07
0.32 0.07 0.32 0.13 0.3 0.13 0.29 0.23 0.29 0.32 0.35 0.13 0.36 0.23 0.37 0.32 0.31 0.32 0.32 0.44 0.32 0.57 0.34 0.31 0.34 0.44 0.34 0.57 0.32 0.06 0.32 0.06 0.31 0.07 0.34 0.07
0.32 0.07 0.32 0.13 0.3 0.13 0.29 0.23 0.29 0.32 0.35 0.13 0.36 0.23 0.37 0.32 0.31 0.32 0.32 0.44 0.32 0.57 0.34 0.31 0.34 0.44 0.34 0.57 0.32 0.06 0.32 0.06 0.31 0.07 0.34 0.07
0.32 0.06 0.32 0.13 0.29 0.13 0.29 0.23 0.29 0.32 0.35 0.13 0.36 0.23 0.37 0.32 0.31 0.32 0.32 0.44 0.32 0.57 0.34 0.31 0.34 0.44 0.34 0.57 0.32 0.06 0.32 0.06 0.31 0.07 0.34 0.07
0.32 0.06 0.32 0.13 0.29 0.13 0.29 0.23 0.29 0.32 0.35 0.13 0.36 0.23 0.37 0.32 0.31 0.32 0.32 0.44 0.32 0.57 0.34 0.31 0.34 0.44 0.34 0.57 0.32 0.06 0.32 0.06 0.31 0.07 0.34 0.07
0.32 0.07 0.32 0.13 0.29 0.13 0.29 0.23 0.29 0.32 0.35 0.13 0.36 0.23 0.37 0.32 0.31 0.32 0.32 0.44 0.32 0.57 0.34 0.31 0.34 0.44 0.34 0.57 0.32 0.06 0.32 0.06 0.31 0.07 0.34 0.07
0.32 0.07 0.32 0.13 0.29 0.13 0.29 0.23 0.29 0.32 0.35 0.13 0.36 0.23 0.37 0.32 0.31 0.32 0.32 0.44 0.32 0.57 0.34 0.31 0.34 0.44 0.34 0.57 0.32 0.06 0.32 0.06 0.31 0.07 0.34 0.07
0.32 0.07 0.32 0.13 0.29 0.13 0.29 0.23 0.29 0.32 0.35 0.13 0.36 0.23 0.37 0.32 0.31 0.32 0.32 0.44 0.32 0.57 0.34 0.31 0.34 0.44 0.34 0.57 0.32 0.06 0.32 0.06 0.31 0.07 0.34 0.07
0.32 0.07 0.32 0.13 0.29 0.13 0.29 0.23 0.29 0.32 0.35 0.13 0.36 0.23 0.37 0.32 0.31 0.32 0.32 0.44 0.32 0.57 0.34 0.31 0.34 0.44 0.34 0.57 0.32 0.06 0.32 0.06 0.31 0.07 0.34 0.07
0.32 0.07 0.32 0.13 0.29 0.13 0.29 0.23 0.29 0.32 0.35 0.13 0.36 0.23 0.37 0.32 0.31 0.32 0.32 0.44 0.32 0.57 0.34 0.31 0.34 0.42 0.34 0.57 0.32 0.06 0.32 0.06 0.31 0.07 0.34 0.07
0.32 0.07 0.32 0.13 0.29 0.13 0.29 0.23 0.29 0.32 0.35 0.13 0.36 0.23 0.37 0.32 0.31 0.32 0.32 0.44 0.32 0.57 0.34 0.31 0.34 0.44 0.34 0.57 0.32 0.06 0.32 0.06 0.31 0.07 0.34 0.07
0.32 0.07 0.32 0.13 0.29 0.13 0.29 0.23 0.29 0.32 0.35 0.13 0.36 0.23 0.37 0.32 0.31 0.32 0.32 0.44 0.32 0.57 0.34 0.31 0.34 0.44 0.34 0.57 0.32 0.06 0.32 0.06 0.31 0.07 0.34 0.07
0.32 0.07 0.32 0.13 0.29 0.13 0.29 0.23 0.29 0.32 0.35 0.13 0.36 0.23 0.37 0.32 0.31 0.32 0.32 0.44 0.32 0.57 0.34 0.31 0.34 0.44 0.34 0.57 0.32 0.06 0.32 0.06 0.31 0.07 0.34 0.07
0.32 0.07 0.32 0.13 0.29 0.13 0.29 0.23 0.29 0.32 0.35 0.13 0.36 0.23 0.37 0.32 0.31 0.32 0.32 0.44 0.32 0.57 0.34 0.31 0.34 0.44 0.34 0.57 0.32 0.06 0.32 0.06 0.31 0.07 0.34 0.07
0.32 0.07 0.32 0.13 0.29 0.13 0.29 0.23 0.29 0.32 0.35 0.13 0.36 0.23 0.37 0.32 0.31 0.32 0.32 0.44 0.32 0.57 0.34 0.31 0.34 0.42 0.34 0.57 0.32 0.06 0.32 0.06 0.31 0.07 0.34 0.07
0.32 0.07 0.32 0.13 0.29 0.13 0.29 0.23 0.29 0.32 0.35 0.13 0.36 0.23 0.37 0.32 0.31 0.32 0.32 0.44 0.32 0.57 0.34 0.31 0.34 0.44 0.34 0.57 0.32 0.06 0.32 0.06 0.31 0.07 0.34 0.07
0.32 0.07 0.32 0.13 0.29 0.13 0.29 0.23 0.29 0.32 0.35 0.13 0.36 0.23 0.37 0.32 0.31 0.32 0.32 0.44 0.32 0.57 0.34 0.31 0.34 0.44 0.34 0.57 0.32 0.06 0.32 0.06 0.31 0.07 0.34 0.07
0.32 0.07 0.32 0.13 0.29 0.13 0.29 0.23 0.29 0.32 0.35 0.13 0.36 0.23 0.37 0.32 0.31 0.32 0.32 0.44 0.32 0.57 0.34 0.31 0.34 0.44 0.34 0.57 0.32 0.06 0.32 0.06 0.31 0.07 0.34 0.07
0.32 0.07 0.32 0.13 0.29 0.13 0.29 0.23 0.29 0.32 0.35 0.13 0.36 0.23 0.37 0.32 0.31 0.32 0.32 0.44 0.32 0.57 0.34 0.31 0.34 0.44 0.34 0.57 0.32 0.06 0.32 0.06 0.31 0.07 0.34 0.07
0.32 0.07 0.32 0.13 0.29 0.13 0.29 0.23 0.29 0.32 0.35 0.13 0.36 0.23 0.36 0.32 0.31 0.32 0.32 0.44 0.32 0.57 0.34 0.31 0.34 0.44 0.34 0.57 0.32 0.06 0.32 0.06 0.31 0.07 0.34 0.07
0.32 0.07 0.32 0.13 0.29 0.13 0.29 0.23 0.29 0.32 0.35 0.13 0.36 0.23 0.37 0.32 0.31 0.32 0.32 0.44 0.32 0.57 0.34 0.31 0.34 0.44 0.34 0.57 0.32 0.06 0.32 0.06 0.31 0.07 0.34 0.07
0.32 0.07 0.32 0.13 0.3 0.13 0.29 0.23 0.29 0.32 0.35 0.13 0.36 0.23 0.37 0.32 0.31 0.32 0.32 0.44 0.32 0.57 0.34 0.31 0.34 0.44 0.34 0.57 0.32 0.06 0.32 0.06 0.31 0.07 0.34 0.07
0.32 0.07 0.32 0.13 0.29 0.13 0.29 0.23 0.29 0.32 0.35 0.13 0.36 0.23 0.37 0.32 0.31 0.32 0.32 0.44 0.32 0.57 0.34 0.31 0.34 0.44 0.34 0.57 0.32 0.06 0.32 0.06 0.31 0.07 0.34 0.07
0.32 0.07 0.32 0.13 0.29 0.13 0.29 0.23 0.29 0.32 0.35 0.13 0.36 0.23 0.37 0.32 0.31 0.32 0.32 0.44 0.32 0.57 0.34 0.31 0.34 0.44 0.34 0.57 0.32 0.06 0.32 0.06 0.31 0.07 0.34 0.07
0.32 0.07 0.32 0.13 0.3 0.13 0.29 0.23 0.29 0.32 0.35 0.13 0.36 0.23 0.37 0.32 0.31 0.32 0.32 0.44 0.32 0.57 0.34 0.31 0.34 0.44 0.34 0.57 0.32 0.06 0.32 0.06 0.31 0.07 0.34 0.07
0.32 0.07 0.32 0.13 0.3 0.13 0.29 0.23 0.29 0.32 0.35 0.13 0.36 0.23 0.37 0.32 0.31 0.32 0.32 0.44 0.32 0.57 0.34 0.31 0.34 0.44 0.34 0.57 0.32 0.06 0.33 0.06 0.31 0.07 0.34 0.07
0.32 0.07 0.32 0.13 0.3 0.13 0.29 0.23 0.29 0.32 0.35 0.13 0.36 0.23 0.37 0.32 0.31 0.32 0.32 0.44 0.32 0.57 0.34 0.31 0.34 0.44 0.34 0.57 0.32 0.06 0.33 0.06 0.31 0.07 0.34 0.07
0.32 0.07 0.32 0.13 0.3 0.13 0.29 0.23 0.29 0.32 0.35 0.13 0.37 0.23 0.37 0.32 0.31 0.32 0.32 0.44 0.32 0.57 0.34 0.31 0.34 0.44 0.34 0.57 0.32 0.06 0.33 0.06 0.31 0.07 0.34 0.07
0.32 0.07 0.32 0.13 0.3 0.13 0.29 0.23 0.29 0.32 0.35 0.13 0.37 0.23 0.37 0.32 0.31 0.32 0.32 0.44 0.32 0.57 0.34 0.31 0.34 0.44 0.34 0.57 0.32 0.06 0.33 0.06 0.31 0.07 0.34 0.07
0.32 0.07 0.32 0.13 0.3 0.13 0.29 0.23 0.29 0.32 0.35 0.13 0.37 0.23 0.37 0.32 0.31 0.32 0.32 0.44 0.32 0.57 0.34 0.31 0.34 0.44 0.34 0.57 0.32 0.06 0.33 0.06 0.31 0.07 0.34 0.07
0.32 0.07 0.32 0.13 0.3 0.13 0.29 0.23 0.29 0.32 0.35 0.13 0.37 0.23 0.37 0.32 0.31 0.32 0.32 0.44 0.32 0.57 0.34 0.31 0.34 0.44 0.34 0.57 0.32 0.06 0.33 0.06 0.31 0.07 0.34 0.07
0.32 0.07 0.32 0.13 0.3 0.13 0.29 0.23 0.29 0.32 0.35 0.13 0.37 0.23 0.37 0.32 0.31 0.32 0.32 0.44 0.32 0.57 0.34 0.31 0.34 0.44 0.34 0.57 0.32 0.06 0.33 0.06 0.31 0.07 0.34 0.07
0.32 0.07 0.32 0.13 0.3 0.13 0.29 0.23 0.29 0.32 0.35 0.13 0.37 0.23 0.37 0.32 0.31 0.32 0.32 0.44 0.32 0.57 0.34 0.31 0.34 0.44 0.34 0.57 0.32 0.06 0.33 0.06 0.31 0.07 0.34 0.07
0.32 0.07 0.32 0.13 0.3 0.13 0.29 0.23 0.29 0.32 0.35 0.13 0.37 0.23 0.37 0.32 0.31 0.32 0.32 0.44 0.32 0.57 0.34 0.31 0.34 0.44 0.34 0.57 0.32 0.06 0.33 0.06 0.31 0.07 0.34 0.07
0.32 0.07 0.32 0.13 0.3 0.13 0.29 0.23 0.29 0.32 0.35 0.13 0.37 0.23 0.37 0.32 0.31 0.32 0.32 0.44 0.32 0.57 0.34 0.31 0.34 0.44 0.34 0.57 0.32 0.06 0.33 0.06 0.31 0.07 0.34 0.07
0.32 0.07 0.32 0.13 0.3 0.13 0.29 0.23 0.29 0.32 0.35 0.13 0.36 0.23 0.37 0.32 0.31 0.32 0.32 0.44 0.32 0.57 0.34 0.31 0.34 0.44 0.34 0.57 0.32 0.06 0.33 0.06 0.31 0.07 0.34 0.07
0.32 0.07 0.32 0.13 0.3 0.13 0.29 0.23 0.29 0.32 0.35 0.13 0.36 0.23 0.37 0.32 0.31 0.32 0.32 0.44 0.32 0.57 0.34 0.31 0.34 0.44 0.34 0.57 0.32 0.06 0.33 0.06 0.31 0.07 0.34 0.07
0.32 0.07 0.32 0.13 0.3 0.13 0.29 0.23 0.29 0.32 0.35 0.13 0.36 0.23 0.37 0.32 0.31 0.32 0.32 0.44 0.32 0.57 0.34 0.31 0.34 0.44 0.34 0.57 0.32 0.06 0.33 0.06 0.31 0.07 0.34 0.07
0.32 0.07 0.32 0.13 0.3 0.13 0.29 0.23 0.29 0.32 0.35 0.13 0.36 0.23 0.37 0.32 0.31 0.32 0.32 0.44 0.32 0.57 0.34 0.31 0.34 0.44 0.34 0.57 0.32 0.06 0.33 0.06 0.31 0.07 0.34 0.07
0.32 0.07 0.32 0.13 0.3 0.13 0.29 0.23 0.29 0.32 0.35 0.13 0.36 0.23 0.37 0.32 0.31 0.32 0.32 0.44 0.32 0.57 0.34 0.31 0.34 0.44 0.34 0.57 0.32 0.06 0.33 0.06 0.31 0.07 0.34 0.07
0.32 0.07 0.32 0.13 0.3 0.13 0.29 0.23 0.29 0.32 0.35 0.13 0.36 0.23 0.37 0.32 0.31 0.32 0.32 0.44 0.32 0.57 0.34 0.31 0.34 0.44 0.34 0.57 0.32 0.06 0.33 0.06 0.31 0.07 0.34 0.06
0.32 0.07 0.32 0.13 0.3 0.13 0.29 0.23 0.29 0.32 0.35 0.13 0.36 0.23 0.37 0.32 0.31 0.32 0.32 0.44 0.32 0.57 0.34 0.31 0.34 0.44 0.34 0.57 0.32 0.06 0.33 0.06 0.31 0.07 0.34 0.07
0.32 0.07 0.32 0.13 0.3 0.13 0.29 0.23 0.29 0.32 0.35 0.13 0.36 0.23 0.37 0.32 0.31 0.32 0.32 0.44 0.32 0.57 0.34 0.31 0.34 0.44 0.34 0.57 0.32 0.06 0.33 0.06 0.31 0.07 0.34 0.07
0.32 0.07 0.32 0.13 0.3 0.13 0.29 0.23 0.29 0.32 0.35 0.13 0.36 0.23 0.37 0.32 0.31 0.32 0.32 0.44 0.32 0.57 0.34 0.31 0.34 0.44 0.34 0.57 0.32 0.06 0.33 0.06 0.31 0.07 0.34 0.07
0.32 0.07 0.32 0.13 0.3 0.13 0.29 0.23 0.29 0.32 0.35 0.13 0.36 0.23 0.37 0.32 0.31 0.32 0.32 0.44 0.32 0.57 0.34 0.31 0.34 0.44 0.34 0.57 0.32 0.06 0.33 0.06 0.31 0.07 0.34 0.07
0.32 0.07 0.32 0.13 0.3 0.13 0.29 0.23 0.29 0.32 0.35 0.13 0.36 0.23 0.37 0.32 0.31 0.32 0.32 0.44 0.32 0.57 0.34 0.31 0.34 0.44 0.34 0.57 0.32 0.06 0.33 0.06 0.31 0.07 0.34 0.07
0.32 0.07 0.32 0.13 0.3 0.13 0.29 0.23 0.29 0.32 0.35 0.13 0.37 0.23 0.37 0.32 0.31 0.32 0.32 0.44 0.32 0.57 0.34 0.31 0.34 0.44 0.34 0.57 0.32 0.06 0.33 0.06 0.31 0.07 0.34 0.07
0.32 0.07 0.32 0.13 0.3 0.13 0.29 0.23 0.29 0.32 0.35 0.13 0.37 0.23 0.37 0.32 0.31 0.32 0.32 0.44 0.32 0.57 0.34 0.31 0.34 0.44 0.34 0.57 0.32 0.06 0.33 0.06 0.31 0.07 0.34 0.07
0.32 0.07 0.32 0.13 0.3 0.13 0.29 0.23 0.29 0.32 0.35 0.13 0.37 0.23 0.37 0.32 0.31 0.32 0.32 0.44 0.32 0.57 0.34 0.31 0.34 0.44 0.34 0.57 0.32 0.06 0.33 0.06 0.31 0.07 0.34 0.07
0.32 0.07 0.32 0.13 0.3 0.13 0.29 0.23 0.29 0.32 0.35 0.13 0.37 0.23 0.37 0.32 0.31 0.32 0.32 0.44 0.32 0.57 0.34 0.31 0.34 0.44 0.34 0.57 0.32 0.06 0.33 0.06 0.31 0.07 0.34 0.07
0.32 0.07 0.32 0.13 0.3 0.13 0.29 0.23 0.29 0.32 0.35 0.13 0.37 0.23 0.37 0.32 0.31 0.32 0.32 0.44 0.32 0.57 0.34 0.31 0.34 0.44 0.34 0.57 0.32 0.06 0.33 0.06 0.31 0.07 0.34 0.07
0.32 0.07 0.32 0.13 0.3 0.13 0.29 0.23 0.29 0.32 0.35 0.13 0.37 0.23 0.37 0.32 0.31 0.32 0.32 0.44 0.32 0.57 0.34 0.31 0.34 0.44 0.34 0.57 0.32 0.06 0.33 0.06 0.31 0.07 0.34 0.07
0.32 0.07 0.32 0.13 0.3 0.13 0.29 0.23 0.29 0.32 0.35 0.13 0.37 0.23 0.37 0.32 0.31 0.32 0.32 0.44 0.32 0.57 0.34 0.31 0.34 0.44 0.34 0.57 0.32 0.06 0.33 0.06 0.31 0.07 0.34 0.07
0.32 0.07 0.32 0.13 0.3 0.13 0.29 0.23 0.29 0.32 0.35 0.13 0.37 0.23 0.37 0.32 0.31 0.32 0.32 0.44 0.32 0.57 0.34 0.31 0.34 0.44 0.34 0.57 0.32 0.06 0.33 0.06 0.31 0.07 0.34 0.07
0.32 0.07 0.32 0.13 0.3 0.13 0.29 0.23 0.29 0.32 0.35 0.13 0.37 0.23 0.37 0.32 0.31 0.32 0.32 0.44 0.32 0.57 0.34 0.31 0.34 0.44 0.34 0.57 0.32 0.06 0.33 0.06 0.31 0.07 0.34 0.07
0.32 0.07 0.32 0.13 0.3 0.13 0.29 0.23 0.29 0.32 0.35 0.13 0.37 0.23 0.37 0.32 0.31 0.32 0.32 0.44 0.32 0.57 0.34 0.31 0.34 0.44 0.34 0.57 0.32 0.06 0.33 0.06 0.31 0.07 0.34 0.07
